,start_stn,r_month.1,r_month.2,r_month.3,r_month.4,r_month.5,r_month.6,r_month.7,r_month.8,r_month.9,r_month.10,r_month.11,r_month.12
1,101,0.026378897,0.025757172,0.051114664,0.08162359,0.116751044,0.128874678,0.1115552,0.107558398,0.11568523,0.119859668,0.079669598,0.035171863
2,102,0.020898316,0.020378457,0.046995217,0.079515261,0.111330607,0.119983365,0.105750791,0.111215083,0.132425314,0.14155172,0.082900118,0.027055752
3,103,0.022559761,0.021015936,0.049485392,0.080893094,0.112217795,0.123024568,0.104216467,0.108283533,0.137134794,0.140222444,0.075796813,0.025149402
4,104,0.023434446,0.025269777,0.056708301,0.081060413,0.11268587,0.113025746,0.095641091,0.099192795,0.135372589,0.141218455,0.086549409,0.029841108
5,105,0.024819788,0.026515901,0.057526502,0.090685512,0.117540636,0.11765371,0.090939929,0.100014134,0.13170318,0.142501767,0.07004947,0.03004947
6,106,0.017031581,0.018568945,0.048823866,0.089337929,0.128163905,0.123561861,0.088594367,0.102601461,0.147235257,0.146582128,0.068940224,0.020558475
7,107,0.028899356,0.027324575,0.05067673,0.070368584,0.098672077,0.111043328,0.108730812,0.113370031,0.127954487,0.138396277,0.091053543,0.033510201
8,108,0.027244657,0.025731065,0.054993845,0.083873181,0.105971625,0.115698977,0.098928377,0.1062138,0.127161914,0.135012411,0.086274747,0.032895401
9,109,0.016090955,0.019584884,0.048291752,0.078925003,0.121267635,0.121418724,0.108387316,0.110861395,0.141834596,0.137434135,0.072484844,0.023418761
10,110,0.022567842,0.02616762,0.051273768,0.075733801,0.113716079,0.118100425,0.119069596,0.109424035,0.115700572,0.123084733,0.095347979,0.02981355
11,111,0.019705998,0.019575247,0.058520276,0.091095878,0.119636887,0.112595028,0.092758279,0.100267105,0.1475615,0.137829912,0.076395764,0.024058128
12,112,0.021315193,0.020517007,0.058648526,0.090975057,0.115047619,0.119165533,0.094911565,0.092208617,0.13137415,0.141913832,0.082702948,0.031219955
13,113,0.026163211,0.024985411,0.054767679,0.077156578,0.110070722,0.113909277,0.098217775,0.102837962,0.130339581,0.139151663,0.088741842,0.033658299
14,114,0.025425782,0.022506481,0.053637619,0.082733726,0.112023645,0.119703467,0.098069143,0.102345132,0.128994355,0.13753422,0.085192722,0.031833709
15,115,0.027724312,0.025605133,0.056654029,0.085661515,0.108816953,0.1156411,0.102226111,0.103548168,0.118790707,0.130261495,0.088363955,0.036706523
16,116,0.029287035,0.025444924,0.054115771,0.076026677,0.097611367,0.106546087,0.101109138,0.112707963,0.134691362,0.13679365,0.088531661,0.037134365
17,117,0.007865712,0.010128752,0.031243134,0.087972931,0.138616689,0.157138463,0.133870897,0.119281979,0.124247484,0.117612163,0.06094828,0.011073516
18,118,0.026514286,0.024748052,0.053444156,0.081433766,0.110711688,0.114493506,0.098722078,0.104353247,0.132675325,0.136581818,0.083179221,0.033142857
19,119,0.022142807,0.021255226,0.053394997,0.086398991,0.115759232,0.127858361,0.098708336,0.101067433,0.141942868,0.131969262,0.072291127,0.027211361
20,120,0.030481208,0.027752952,0.055505903,0.077567148,0.106213839,0.117032786,0.101509949,0.099016887,0.124323816,0.129451056,0.089562068,0.041582389
21,121,0.029517826,0.026655266,0.051414551,0.070671772,0.108628574,0.112160303,0.097066805,0.100040894,0.130339418,0.146994312,0.090486635,0.036023644
22,122,0.026673869,0.028628752,0.059675386,0.082156545,0.105537979,0.111274018,0.10065077,0.104997814,0.123646372,0.130102631,0.089693135,0.036962729
23,123,0.017812077,0.020116309,0.045755459,0.083354669,0.11608939,0.126988771,0.111334626,0.10771369,0.124099338,0.14187484,0.082988918,0.021871914
24,124,0.024870562,0.024093935,0.056046598,0.082414941,0.109393491,0.110835799,0.09835429,0.101775148,0.128901627,0.137407544,0.093805473,0.032100592
25,125,0.022146642,0.019635371,0.05945978,0.081013209,0.107094835,0.111010045,0.09469667,0.098058214,0.135826149,0.14167919,0.094024361,0.035355533
26,126,0.024703428,0.021332789,0.05563743,0.087694979,0.109334189,0.114251528,0.093283528,0.093619132,0.128405294,0.141523062,0.095107466,0.035107175
27,127,0.031303116,0.031916903,0.071246459,0.093106704,0.106798867,0.117422096,0.096694995,0.102880076,0.114353163,0.109773371,0.09088763,0.033616619
28,128,0.03071495,0.028052987,0.056562761,0.078204987,0.104588341,0.110857341,0.102918708,0.105249894,0.12074913,0.132846094,0.090979256,0.038275552
29,129,0.0260689,0.024467739,0.05361387,0.077155938,0.109204173,0.105726652,0.09809612,0.107052613,0.13624878,0.139976483,0.089840134,0.032548598
30,130,0.024278888,0.020525817,0.050105434,0.075467683,0.11156681,0.112592134,0.103809174,0.104389546,0.132750382,0.14213306,0.090576696,0.031804376
31,131,0.019476124,0.021090455,0.045904286,0.080586367,0.121178982,0.124251419,0.109618289,0.107665469,0.132661563,0.13388533,0.080924855,0.022756861
32,132,0.01620591,0.01691205,0.049641634,0.079158281,0.105320764,0.11605409,0.09479928,0.107403877,0.151149243,0.148818981,0.085089856,0.029446033
33,133,0.020106517,0.020106517,0.047513614,0.080934714,0.104990725,0.116749446,0.105768655,0.106756029,0.133923763,0.151546885,0.088863623,0.022739513
34,134,0.025803217,0.024568982,0.052994947,0.085972153,0.114166699,0.12083928,0.110001157,0.112276777,0.125120531,0.130057469,0.072009874,0.026188915
35,135,0.017619734,0.016458433,0.041286241,0.061068397,0.116290245,0.123177959,0.105798494,0.116049976,0.143280474,0.148326125,0.085976293,0.024667628
36,136,0.035466888,0.033527293,0.061720698,0.082294264,0.103560543,0.104045442,0.105846495,0.108686617,0.116029371,0.118800222,0.093793295,0.036228872
37,137,0.027150575,0.022902526,0.057163965,0.091009835,0.111326592,0.117929538,0.103153715,0.094149698,0.116221083,0.133259454,0.089439904,0.036293115
38,138,0.027360682,0.025626799,0.058674619,0.074661026,0.10736207,0.106980615,0.095224885,0.110517738,0.12477026,0.131809828,0.094566009,0.042445469
39,139,0.027160384,0.0255601,0.063389047,0.085704125,0.111353129,0.107174609,0.103084993,0.103084993,0.120021337,0.128467283,0.087571124,0.037428876
40,140,0.02035093,0.023534316,0.061128586,0.084056543,0.105468602,0.113161784,0.097358548,0.090271725,0.129609277,0.14427559,0.096979573,0.033804525
41,141,0.025494378,0.024040326,0.060294688,0.086112188,0.110734135,0.109603205,0.091314463,0.098617035,0.129346,0.139136616,0.093737883,0.031569084
42,142,0.026256595,0.025684021,0.050590978,0.073289436,0.092102572,0.098605374,0.102081714,0.118481862,0.144983845,0.144902049,0.090180361,0.032841193
43,143,0.021810628,0.019387225,0.047054411,0.081212856,0.10746639,0.114794299,0.109832093,0.110293693,0.139143731,0.14624084,0.079481853,0.02328198
44,144,0.019287955,0.020079116,0.046555722,0.078174874,0.119028782,0.123625699,0.099331606,0.111962897,0.154385486,0.131755559,0.074505524,0.021306779
45,145,0.026439465,0.026621388,0.053940147,0.073618144,0.101209787,0.112822534,0.103817349,0.109972408,0.132530851,0.139959371,0.086989479,0.032079076
46,146,0.016315878,0.017982825,0.043121738,0.078144469,0.115844418,0.117342987,0.103502273,0.111533928,0.152769827,0.151591177,0.072268059,0.019582421
47,147,0.014818078,0.017401229,0.042992451,0.072408338,0.114739983,0.116281864,0.106149502,0.115160496,0.164140251,0.149562466,0.067882817,0.018462524
48,148,0.02099429,0.021442168,0.047699026,0.077007054,0.108442504,0.120115329,0.10382376,0.108946367,0.140381816,0.144860598,0.08047811,0.02580898
49,150,0.020080224,0.018412913,0.043446743,0.070896965,0.105040595,0.11620433,0.1076503,0.114609511,0.145418519,0.146820027,0.08464624,0.026773632
50,151,0.018918433,0.020178162,0.043910559,0.070162415,0.111890943,0.122283709,0.10242048,0.113240653,0.149502857,0.139852432,0.082962163,0.024677194
51,152,0.011298954,0.013383475,0.039384683,0.075127836,0.123505739,0.129044609,0.101971361,0.125836999,0.172794024,0.141024223,0.053967822,0.012660274
52,153,0.025321653,0.024813265,0.054202026,0.076238708,0.103574362,0.110222518,0.10414141,0.113781237,0.136834696,0.131926792,0.085819874,0.03312346
53,154,0.022699657,0.02354495,0.045962842,0.069314079,0.106647882,0.118834199,0.112459276,0.110874351,0.140723783,0.140794224,0.08049661,0.027648147
54,155,0.025406711,0.023864265,0.056430255,0.076452955,0.105701231,0.116905794,0.107942144,0.11780798,0.122115189,0.131253456,0.084223393,0.031896627
55,156,0.024321893,0.026259341,0.049508719,0.07410739,0.107216994,0.117388597,0.103549682,0.115001384,0.136417105,0.130985331,0.084382784,0.030860781
56,157,0.025801842,0.023578914,0.044643802,0.071636498,0.100481634,0.113528104,0.106674076,0.118635546,0.144807876,0.138985921,0.08230126,0.028924526
57,158,0.028424935,0.031123505,0.059458487,0.082351354,0.109921741,0.115633714,0.1005667,0.100836557,0.124404066,0.123819376,0.089412611,0.034046955
58,159,0.030784682,0.029300031,0.068817956,0.095323348,0.104755251,0.100475962,0.095934675,0.101392952,0.122178071,0.124754378,0.089210078,0.037072617
59,160,0.02457082,0.025033548,0.054601823,0.081440007,0.112257647,0.113738374,0.093100736,0.106334737,0.142566286,0.133774467,0.083059553,0.029522003
60,161,0.027175698,0.02635468,0.047865353,0.072413793,0.108866995,0.113957307,0.10500821,0.111904762,0.153612479,0.130541872,0.072003284,0.030295567
61,162,0.032808052,0.0306365,0.056254952,0.074243625,0.101241306,0.104557326,0.110514423,0.113507644,0.116266103,0.127652082,0.096311295,0.036006691
62,163,0.018181818,0.023232323,0.063101604,0.089007724,0.126143791,0.122459893,0.08550208,0.091859774,0.134759358,0.135115865,0.083660131,0.026975639
63,164,0.032178072,0.030524886,0.056798725,0.080297573,0.098718781,0.107575131,0.099132078,0.113184153,0.120977741,0.126941017,0.095589538,0.038082305
64,165,0.024000777,0.023288204,0.051985489,0.075144134,0.101023515,0.11404418,0.111096716,0.111291054,0.135648118,0.138142126,0.088326747,0.02600894
65,166,0.026356047,0.026749421,0.053761091,0.07592115,0.101818261,0.10830893,0.101840115,0.110581756,0.133397439,0.139385463,0.090650815,0.031229512
66,167,0.031498001,0.028175946,0.058874193,0.076899416,0.101384189,0.105875115,0.098431252,0.09867733,0.130482928,0.13023685,0.103352815,0.036111966
67,168,0.021425012,0.017189836,0.05568012,0.073866467,0.102640757,0.107249626,0.098031888,0.114349776,0.165670154,0.160438465,0.058545092,0.024912805
68,169,0.029045371,0.027537372,0.0555337,0.07048256,0.10293732,0.108379229,0.106543404,0.113755573,0.135326515,0.130212431,0.088644112,0.031602413
69,170,0.027363679,0.026568608,0.053435367,0.073477771,0.109454714,0.120155039,0.101238985,0.108295236,0.136652753,0.131451666,0.081892268,0.030013914
70,171,0.036091392,0.030424148,0.045218636,0.066455885,0.094971067,0.095090378,0.093420032,0.102189346,0.134104874,0.157072123,0.10499314,0.039968979
71,172,0.043229574,0.038172075,0.076946234,0.097116021,0.093563731,0.085616232,0.076645192,0.094406647,0.138840388,0.1215606,0.084953941,0.048949365
72,173,0.027097224,0.027058459,0.058574973,0.087532951,0.11242053,0.116645992,0.104202202,0.107342224,0.130020158,0.128702124,0.077415103,0.02298806
73,174,0.029746835,0.011075949,0.05,0.080696203,0.079113924,0.082278481,0.069303797,0.069620253,0.166455696,0.173417722,0.132278481,0.056012658
74,175,0.024198727,0.024639037,0.049975233,0.078815565,0.113159778,0.119580971,0.102904214,0.10523419,0.139816904,0.132349973,0.082154586,0.027170822
75,176,0.014646034,0.017082978,0.047690995,0.069087364,0.109906178,0.11721701,0.11200195,0.117046424,0.150164494,0.144827586,0.082076276,0.018252711
76,177,0.021008403,0.019633308,0.033231474,0.067914439,0.103132162,0.121619557,0.121390374,0.127119939,0.132314744,0.142245989,0.086172651,0.02421696
77,178,0.022302854,0.022399613,0.045573295,0.072278665,0.094775036,0.106531205,0.112965651,0.113594582,0.145331398,0.146782777,0.089453314,0.028011611
78,179,0.031489778,0.030382615,0.060276018,0.077115196,0.103172151,0.113806066,0.100236881,0.102682939,0.120964004,0.130284773,0.095576497,0.03401308
79,180,0.030001941,0.030739375,0.060159131,0.078284494,0.102697458,0.112167669,0.094197555,0.103240831,0.126372987,0.135649136,0.093266059,0.033223365
80,181,0.012140789,0.019826242,0.070839831,0.095121408,0.136556026,0.120294052,0.078079751,0.101693027,0.151370016,0.145800847,0.054912007,0.013366006
81,182,0.013947634,0.016547341,0.046382074,0.08164318,0.125508078,0.123671777,0.099180886,0.116697959,0.162213465,0.143231477,0.057771267,0.013204861
82,183,0.027076831,0.025660311,0.052361075,0.074912564,0.102929563,0.112607022,0.105699924,0.11298309,0.132676469,0.136462212,0.084640166,0.031990774
83,184,0.026034487,0.025379105,0.052588759,0.072318018,0.10547131,0.113539289,0.098284707,0.117222988,0.13575448,0.136974847,0.083617709,0.032814301
84,185,0.027004081,0.024539205,0.054966724,0.075890779,0.100649084,0.109851286,0.098814121,0.114507162,0.14164818,0.14351053,0.080135842,0.028483006
85,186,0.009629148,0.016562878,0.049855935,0.090026954,0.127186542,0.110995446,0.070452644,0.09194163,0.180462868,0.185165908,0.057979366,0.009740682
86,188,0.020866651,0.023075166,0.054146676,0.070900921,0.104066712,0.110387632,0.101553576,0.100639708,0.159926891,0.151397456,0.079582667,0.023455944
87,191,0.026995615,0.02884463,0.054889323,0.070156902,0.100058112,0.110465423,0.098948703,0.107190026,0.136404459,0.14263828,0.094194094,0.029214433
88,192,0.038263354,0.032906484,0.061935616,0.07693485,0.092546299,0.108055711,0.096525687,0.102902913,0.128207745,0.123565124,0.097750115,0.040406102
89,194,0.024879142,0.026246905,0.052753213,0.081523405,0.108666431,0.115269426,0.099846716,0.107581653,0.138969461,0.134370947,0.081924301,0.0279684
90,195,0.035811229,0.033049193,0.059859993,0.077575123,0.109195676,0.110767179,0.09809991,0.105052622,0.122529644,0.125339302,0.086337445,0.036382685
91,196,0.030060673,0.028957529,0.056674021,0.079771098,0.103695532,0.116795367,0.107073911,0.098179812,0.124241589,0.123758963,0.091009377,0.039782129
92,198,0.024717614,0.023630606,0.046174205,0.071789782,0.107897349,0.116451628,0.101091734,0.106999386,0.134647195,0.142303512,0.090883312,0.033413677
93,199,0.017780524,0.01994302,0.05268939,0.079188549,0.1100127,0.10640854,0.090138331,0.091133766,0.13761027,0.197199053,0.078364741,0.019531116
94,200,0.02947957,0.029283367,0.057487615,0.098346986,0.105606514,0.106342277,0.098101731,0.097415019,0.126600284,0.13768578,0.084710845,0.028940011
95,201,0.020370814,0.021525523,0.054924944,0.120264058,0.118935053,0.112093945,0.096516264,0.09791063,0.136299266,0.126320835,0.071896991,0.022941676
96,202,0.021095803,0.02045728,0.05388148,0.093825978,0.122854196,0.11186424,0.094710086,0.106154375,0.142402809,0.137478818,0.073233626,0.022041307
97,203,0.034298586,0.027982259,0.04834777,0.073102199,0.085014978,0.11123238,0.106239695,0.107052458,0.128950607,0.142535355,0.098901609,0.036342103
98,204,0.022400225,0.021697583,0.059302979,0.116441821,0.123271501,0.098032603,0.094013491,0.094688027,0.122400225,0.133839236,0.087802136,0.026110174
99,205,0.019393168,0.022427329,0.069340123,0.115934649,0.129938468,0.109908763,0.078591131,0.090197327,0.137173775,0.136325058,0.067812434,0.022957776
100,206,0.026956175,0.026728216,0.054976159,0.093748219,0.108527574,0.103189529,0.092855379,0.10379742,0.132824224,0.141771623,0.086833457,0.027792025
101,207,0.010804485,0.015423906,0.056715793,0.103173527,0.141330254,0.114369422,0.090679388,0.115698668,0.168015935,0.125681578,0.046163207,0.011943838
102,208,0,0,0,0,0,0,0,0,1,0,0,0
103,209,0.028873239,0.026890975,0.056598852,0.094992175,0.117266562,0.118935837,0.103808033,0.108215962,0.107955138,0.115597287,0.087663015,0.033202921
104,210,0.01964983,0.019824237,0.044580309,0.086050365,0.116910675,0.112860562,0.095090449,0.103016268,0.155599911,0.149515052,0.074801128,0.022101214
105,211,0.027994348,0.026442611,0.056077007,0.09367194,0.108192668,0.104395327,0.096434789,0.102566043,0.127974163,0.131241642,0.09257437,0.032435092
106,212,0.026949534,0.024324579,0.054720207,0.094269522,0.118432566,0.113505728,0.099694428,0.102386689,0.124019007,0.13044005,0.081467821,0.029789869
107,213,0.021465244,0.026068999,0.052952655,0.090483678,0.103726579,0.108785025,0.10241934,0.110546956,0.123600402,0.132523729,0.093022375,0.034405017
108,214,0.03586521,0.025986499,0.054662203,0.085258767,0.099802426,0.108391416,0.092722683,0.107595631,0.137780583,0.130316668,0.091460403,0.030157511
109,215,0.010254382,0.011106378,0.051028481,0.109116358,0.133367819,0.108720789,0.080331061,0.107777507,0.17876704,0.14304406,0.052367332,0.014118793
110,216,0.034032938,0.029653614,0.058049337,0.074867805,0.097137133,0.106082136,0.101563046,0.11286077,0.133383028,0.130028652,0.083905984,0.038435556
111,217,0.031767924,0.026963658,0.049513827,0.084132129,0.103096338,0.101257385,0.105647886,0.108866055,0.120957175,0.132105832,0.09845298,0.037238811
112,218,0.027838121,0.026027838,0.050526993,0.087215383,0.099565532,0.102663127,0.094416284,0.109059458,0.144822592,0.140276772,0.087215383,0.030372516
113,219,0.029981242,0.026642928,0.051664388,0.08237688,0.099926875,0.109401329,0.103296983,0.111499698,0.124598607,0.132197247,0.095189648,0.033224176
114,220,0.027262937,0.024598991,0.050104857,0.084254379,0.096610554,0.104375673,0.102448563,0.113019328,0.138128436,0.14113246,0.085444652,0.032619169
115,221,0.028045416,0.026985967,0.055331228,0.090992684,0.105325231,0.112361572,0.098108983,0.110342622,0.145584296,0.127333786,0.069184024,0.03040419
116,222,0.024181871,0.022799674,0.052352368,0.087012611,0.109009294,0.121054156,0.104086038,0.105125977,0.125951083,0.134902456,0.083971777,0.029552695
117,223,0.030265257,0.028445353,0.050483646,0.069156362,0.096180694,0.107773235,0.105704029,0.116573594,0.130310132,0.134448544,0.092590746,0.038068408
118,224,0.030992852,0.027529181,0.051054117,0.073898332,0.099625603,0.113540353,0.105351673,0.113400204,0.124351813,0.139567942,0.085570705,0.035117224
119,225,0.030865263,0.032850075,0.061212749,0.093171097,0.108819468,0.105137499,0.098377632,0.100247382,0.126164998,0.127747095,0.082153952,0.03325279
120,226,0.024571076,0.022503683,0.047050996,0.085666081,0.115179887,0.115251176,0.097713987,0.102419087,0.135497362,0.137968728,0.086949289,0.029228649
121,227,0.01506768,0.016036763,0.035668511,0.073118885,0.111507081,0.120010003,0.107161837,0.125824502,0.170902498,0.152458658,0.054987652,0.017255932
122,228,0.017206635,0.016776038,0.040958335,0.074079815,0.112781825,0.118000655,0.10494497,0.115761553,0.150760433,0.152413924,0.075130471,0.021185346
123,229,0.019117603,0.018729277,0.048271948,0.081518655,0.108910595,0.12091884,0.101532395,0.109119694,0.147444514,0.15162649,0.072975476,0.019834513
124,230,0.027570761,0.024807136,0.043798871,0.065645915,0.103301942,0.111697599,0.105436875,0.117120067,0.128436522,0.141377097,0.100171581,0.030635634
125,231,0.028753513,0.028251706,0.045413489,0.054596548,0.094490165,0.10573063,0.110798876,0.129365717,0.131021678,0.141659976,0.096748294,0.03316941
126,232,0.027653582,0.024948687,0.04889497,0.073620901,0.092921128,0.108736814,0.105888717,0.116517367,0.133303633,0.143120813,0.09252335,0.031870038
127,233,0.021705021,0.02248954,0.052562762,0.072567992,0.099503138,0.111270921,0.100810669,0.121338912,0.141474895,0.14291318,0.088519874,0.024843096
128,234,0.020441272,0.020700844,0.037053861,0.067164179,0.109409474,0.11752109,0.124918884,0.128033744,0.122452953,0.14146658,0.087151201,0.023685918
129,235,0.026453674,0.026325879,0.050670927,0.069329073,0.093674121,0.122300319,0.103642173,0.11284345,0.136741214,0.145175719,0.081597444,0.031246006
130,236,0.019436718,0.019019471,0.040299026,0.068497914,0.099374131,0.118567455,0.114951321,0.120062587,0.137065369,0.151808067,0.08650904,0.024408901
131,237,0.024320184,0.025584067,0.05461509,0.078782076,0.10080429,0.121179625,0.109536576,0.114209115,0.133741861,0.138759096,0.06847951,0.02998851
132,238,0.034252045,0.027086526,0.053288153,0.074094058,0.096389183,0.103921611,0.108259772,0.117195088,0.122677142,0.129907409,0.098914381,0.034014633
133,239,0.02776105,0.024719981,0.047723714,0.076839696,0.091683729,0.111766831,0.102282308,0.110502228,0.143984102,0.138745032,0.093038661,0.030952668
134,240,0.027650994,0.02487382,0.047622498,0.068270183,0.098263662,0.109034268,0.107078171,0.116448115,0.131082615,0.144533797,0.094906904,0.030234973
135,241,0.024275062,0.022245236,0.048094449,0.076636288,0.107000829,0.117564209,0.121168186,0.128956089,0.13053024,0.132642916,0.065037283,0.025849213
136,242,0.026677927,0.027820557,0.054001689,0.080629937,0.101843112,0.120323911,0.106363953,0.109742163,0.130359183,0.135674897,0.074419991,0.03214268
137,243,0.023022873,0.021647481,0.041560771,0.066497234,0.100164449,0.111765585,0.106114516,0.108955001,0.13445956,0.155329646,0.102406937,0.028075946
138,244,0.023774427,0.02190027,0.045169306,0.072144542,0.105795148,0.115397574,0.100320081,0.114386792,0.148353268,0.135255222,0.086674528,0.030828841
139,245,0.021122982,0.021171764,0.04219718,0.071296161,0.088345773,0.116737402,0.109663886,0.119127762,0.142519147,0.1466413,0.093248451,0.027928192
140,247,0.018484095,0.019434408,0.044883978,0.074281,0.110309321,0.116334928,0.100367593,0.117588087,0.149407882,0.147810105,0.078593956,0.022504647
141,248,0.01071897,0.01190769,0.037383178,0.105775537,0.120450074,0.121987211,0.092105263,0.135882932,0.169372028,0.137010166,0.044945893,0.012461059
142,249,0.006419515,0.011876103,0.049965228,0.100411919,0.131680308,0.102845985,0.07973573,0.11787835,0.198336276,0.149119991,0.043679452,0.008051142
143,250,0.020471424,0.026348079,0.056570875,0.072715531,0.106748466,0.110106555,0.101905069,0.098869874,0.13755247,0.159186309,0.084856313,0.024669035
144,251,0.020864456,0.022906085,0.0514391,0.074494572,0.10586595,0.115775321,0.1064635,0.10586595,0.136141819,0.152225874,0.079175381,0.028781994
145,252,0.02549177,0.025324502,0.048340693,0.073029573,0.106583701,0.114980597,0.104944467,0.108189482,0.13712699,0.150876489,0.076475311,0.028636424
146,253,0.030979373,0.028420721,0.053101874,0.070225161,0.105613289,0.117225634,0.110415683,0.10014171,0.12490159,0.147142182,0.07994804,0.031884743
147,254,0.02079459,0.022907861,0.044378698,0.074978867,0.103888419,0.11386306,0.129247675,0.123161454,0.132290786,0.156804734,0.062721893,0.014961961
148,255,0.023636983,0.023734254,0.043577647,0.065220563,0.096833812,0.115801761,0.119157629,0.121686688,0.137493313,0.143572783,0.081416274,0.027868294
149,256,0.021858484,0.023654369,0.044897121,0.066806917,0.101698394,0.119246755,0.118323157,0.128636667,0.131561394,0.138026579,0.077171738,0.028118426
150,257,0.0220363,0.023064966,0.044826956,0.069194898,0.099597678,0.116193481,0.115804874,0.118319389,0.140469986,0.146093357,0.077972843,0.026425273
151,258,0.02384391,0.022229774,0.050689548,0.077025458,0.105796732,0.114886869,0.101718914,0.11378246,0.142242234,0.137258234,0.084076686,0.026449183
152,259,0.02851202,0.026514276,0.054183711,0.079583599,0.108992566,0.107850998,0.098310751,0.105758123,0.129214628,0.137192014,0.092222388,0.031664923
153,260,0.014146394,0.019397707,0.043510878,0.09939985,0.105454935,0.081502518,0.098488908,0.113010395,0.179616333,0.157753724,0.067516879,0.020201479
154,262,0.025770754,0.022864278,0.044178436,0.068485188,0.096107475,0.112663624,0.106161729,0.117766104,0.134171547,0.147476748,0.095375474,0.028978643
155,263,0.029883066,0.025744671,0.047880275,0.068788797,0.100741062,0.107333622,0.105625331,0.116115683,0.131803089,0.143761128,0.091092825,0.031230451
156,264,0.02821535,0.023299919,0.048689863,0.065603592,0.096412122,0.116306073,0.110074699,0.113635484,0.127143244,0.139915625,0.096218601,0.034485428
157,265,0.027542873,0.024944489,0.040345821,0.069778429,0.098360656,0.112580904,0.105352672,0.123352388,0.132564841,0.143005622,0.094817404,0.0273539
158,266,0.025119656,0.024991166,0.056567409,0.074973499,0.105521827,0.115190646,0.095660274,0.108541325,0.144839549,0.136905336,0.080948251,0.030741062
159,267,0.017120037,0.018200268,0.044158565,0.077907624,0.110216374,0.119971194,0.098039216,0.111722151,0.151723461,0.150937838,0.077449344,0.02255393
160,268,0.020360784,0.021019608,0.043670588,0.058603922,0.095654902,0.12454902,0.112219608,0.117176471,0.144533333,0.150682353,0.091482353,0.020047059
161,270,0.028261863,0.028522942,0.052346453,0.081326284,0.104497095,0.109718687,0.102343189,0.106716272,0.126166699,0.138111089,0.08994191,0.032047516
162,271,0.028553433,0.027153755,0.053117783,0.092448737,0.109944713,0.110714536,0.097767513,0.102736371,0.147875989,0.131359787,0.070963678,0.027363706
163,272,0.009849015,0.011773823,0.040470953,0.084266573,0.122575242,0.125474953,0.098552645,0.12030047,0.167045795,0.151559844,0.055344466,0.012786221
164,274,0.015150557,0.014981984,0.032197568,0.074383126,0.123290558,0.136102156,0.116442253,0.110984681,0.138567545,0.149271973,0.07221274,0.01641486
165,275,0.019606489,0.015636866,0.030548844,0.065619606,0.112046945,0.128857439,0.125957887,0.119502934,0.121539524,0.151363479,0.090576458,0.018743528
166,276,0.016562182,0.015715012,0.031980685,0.081667231,0.134234158,0.12987123,0.116570654,0.11669773,0.125423585,0.137707557,0.077092511,0.016477465
167,277,0.016798096,0.017218049,0.0291167,0.06635248,0.1164668,0.126219029,0.1232327,0.117959965,0.134478092,0.144696934,0.089496524,0.017964631
168,278,0.018917359,0.016785825,0.029486212,0.064034815,0.123007238,0.138505262,0.133487277,0.130423198,0.119232648,0.139393401,0.067098894,0.01962787
169,279,0.016547253,0.015438417,0.028616513,0.06537871,0.116129307,0.134339816,0.131354487,0.11783521,0.128582395,0.141888434,0.085167178,0.018722279
170,280,0.030963377,0.023547779,0.047030508,0.070057894,0.093280427,0.104468874,0.107200937,0.101671762,0.095687244,0.152605217,0.142457555,0.031028426
171,281,0.018218047,0.019499004,0.039567321,0.064190151,0.103615144,0.137631654,0.134073442,0.117563336,0.124110447,0.154141759,0.068602334,0.018787361
172,282,0.031132075,0.028773585,0.037971698,0.075707547,0.121462264,0.139622642,0.117688679,0.122641509,0.106839623,0.135141509,0.059669811,0.023349057
173,283,0.021533471,0.022074061,0.039778358,0.068654834,0.112442562,0.112352464,0.113298495,0.10703667,0.104694117,0.163483197,0.112983152,0.021668619
174,284,0.024800815,0.024351525,0.041334691,0.060324687,0.104175403,0.110495417,0.101899,0.102378242,0.103786018,0.180075481,0.119271551,0.027107171
175,285,0.025793999,0.028075101,0.039129672,0.058080365,0.0991402,0.0991402,0.114932444,0.103526935,0.0991402,0.209159502,0.097210037,0.026671346
176,286,0.019652698,0.019444733,0.032546532,0.066860767,0.108973692,0.128522408,0.126858688,0.10928564,0.116564417,0.171363211,0.077051055,0.022876157
177,287,0.022547569,0.019690864,0.038514513,0.065908279,0.107228485,0.116002653,0.118910371,0.101515074,0.08789471,0.178289037,0.120899862,0.022598582
178,288,0.022496773,0.020099576,0.035220358,0.072284713,0.112299465,0.113221464,0.12465425,0.114696662,0.104554675,0.164484603,0.101788678,0.014198783
179,289,0.015515795,0.019709254,0.027816606,0.059686888,0.11741683,0.144254962,0.147749511,0.129997204,0.120212469,0.147190383,0.058428851,0.012021247
180,290,0.028305908,0.02890272,0.049961634,0.07357831,0.116804502,0.119447523,0.117571831,0.111518459,0.110324836,0.134708841,0.089692216,0.019183221
181,291,0.027550207,0.031827739,0.044877837,0.07605307,0.121583412,0.11201334,0.116435873,0.120640905,0.110925832,0.136301022,0.078808091,0.022982672
182,292,0.02409038,0.028077754,0.045356371,0.067951487,0.11364014,0.12261173,0.118458216,0.119288918,0.117129091,0.138893504,0.085728526,0.018773883
183,293,0.017567422,0.016707854,0.037498657,0.060545826,0.106962501,0.124207586,0.131675083,0.129633609,0.129902224,0.146180294,0.088750403,0.01036854
184,300,0.038961354,0.038452214,0.062575765,0.089269262,0.098264074,0.105367793,0.084929448,0.096615429,0.113804975,0.121151142,0.105998157,0.044610386
185,301,0.030749211,0.025495819,0.057425838,0.082921657,0.107477649,0.111164663,0.095043015,0.09935658,0.128274333,0.134588043,0.09227173,0.035231463
186,302,0.028127927,0.028696013,0.057944757,0.079716264,0.113325452,0.111406243,0.094670741,0.101641308,0.134313921,0.127174464,0.089097358,0.033885554
187,303,0.031786234,0.030963085,0.055953059,0.079360054,0.099748834,0.104898795,0.100360919,0.106840583,0.126005192,0.13398341,0.096181853,0.033917981
188,304,0.026792464,0.027699658,0.053584928,0.078018688,0.106806979,0.115274124,0.098521274,0.112703741,0.134234479,0.125404457,0.084731924,0.036227282
189,305,0.031221862,0.030636593,0.058324329,0.08439132,0.107059247,0.110525842,0.099585809,0.104177922,0.11993517,0.130920223,0.096862057,0.026359625
190,306,0.026961332,0.029475861,0.054509388,0.069764193,0.089154001,0.10778945,0.101251676,0.111281851,0.142992848,0.1397519,0.093428699,0.033638802
191,307,0.034837626,0.032474863,0.060014177,0.083195505,0.101283768,0.104775406,0.097267071,0.099839857,0.115092804,0.128061747,0.100863721,0.042293455
192,308,0.033771449,0.032797858,0.055768529,0.076548619,0.092612876,0.096598515,0.103352805,0.110046246,0.120573202,0.13432518,0.108525009,0.035079713
193,309,0.029438324,0.025404852,0.054150864,0.085636024,0.103124436,0.105803383,0.098097646,0.115495756,0.124796821,0.131027632,0.094425381,0.03259888
194,310,0.027472527,0.027472527,0.05249933,0.082585098,0.101782364,0.102686947,0.101212812,0.116490217,0.130192978,0.133208255,0.089118199,0.035278746
195,311,0.029151198,0.025666457,0.05169479,0.077052981,0.102840064,0.110077602,0.102317353,0.108911555,0.124418651,0.138076155,0.095441691,0.034351503
196,312,0.030802481,0.027516649,0.051817751,0.081442955,0.111243872,0.109205602,0.09927782,0.103266504,0.122190789,0.130871009,0.098135686,0.034228884
197,313,0.033476349,0.033741194,0.063721595,0.088087293,0.124212088,0.126383813,0.105884846,0.101223582,0.109698607,0.100376079,0.073573812,0.039620743
198,314,0.035933562,0.035071846,0.062819104,0.08468515,0.099269696,0.103018161,0.098214093,0.101079299,0.127770956,0.126456839,0.088929102,0.036752192
199,315,0.029495587,0.032954262,0.062145486,0.075260784,0.1057248,0.104285991,0.098198722,0.102349133,0.129548159,0.132121413,0.094186658,0.033729006
200,316,0.032070581,0.033197559,0.059890844,0.085843543,0.10311851,0.109123694,0.097129425,0.10208813,0.118880106,0.128878013,0.09273421,0.037045385
201,318,0.027599691,0.028372664,0.059928159,0.090574274,0.107852499,0.115855045,0.099577138,0.082753603,0.1156277,0.137452826,0.098804165,0.035602237
202,320,0.033345884,0.031180873,0.054901868,0.072810279,0.100743634,0.107050407,0.098696287,0.099872923,0.129477103,0.133571798,0.099519932,0.038829011
203,321,0.029277926,0.027360408,0.052145045,0.080192324,0.103545978,0.112503935,0.096848974,0.104061132,0.12343665,0.134025929,0.099968518,0.036633182
204,322,0.025341915,0.023974256,0.060820595,0.088254224,0.10458568,0.108205953,0.095615447,0.101649236,0.130450523,0.133547868,0.095655672,0.031898632
205,323,0.031941032,0.036855037,0.076167076,0.087223587,0.142506143,0.185503686,0.178132678,0.110565111,0,0.046683047,0.082309582,0.022113022
206,324,0.028025328,0.026676829,0.056549015,0.080265009,0.111309803,0.109697467,0.089118199,0.094336304,0.131830441,0.143204737,0.096359053,0.032627814
207,325,0,0,0,0,0,0,0,0,0,1,0,0
208,326,0.033461243,0.03229909,0.059489091,0.089836641,0.106852319,0.113715601,0.102664182,0.10709352,0.100953843,0.113737529,0.10251069,0.037386252
209,327,0.035705112,0.034887794,0.059827663,0.078345749,0.099736123,0.102374892,0.094295122,0.109567289,0.12308806,0.127524928,0.090792331,0.043854938
210,328,0.035615133,0.033191066,0.058509095,0.086603406,0.10585091,0.106140969,0.102556665,0.110118924,0.11633448,0.120643932,0.089172502,0.035262918
211,329,0.029383986,0.028691363,0.055052996,0.082401091,0.100892014,0.11203694,0.10823801,0.107587365,0.122258369,0.129058663,0.091887921,0.032511281
212,330,0.032677472,0.032330762,0.064964896,0.095778799,0.105486695,0.099462599,0.088844587,0.098855855,0.123992372,0.123819017,0.098465806,0.035321141
213,331,0.033006807,0.029420555,0.059206376,0.080458243,0.103702474,0.108052466,0.104100946,0.102374232,0.120471526,0.129536776,0.093641043,0.036028557
214,332,0.032683542,0.030695374,0.056056639,0.081369411,0.097371739,0.1065852,0.102657356,0.102463389,0.124624188,0.130249248,0.100378237,0.034865677
215,333,0.024497342,0.036052692,0.097064941,0.156459441,0.185116709,0.168477005,0.116709036,0.03235498,0,0.064247747,0.082042986,0.03697712
216,334,0.032530357,0.030187599,0.054580897,0.077525618,0.104136488,0.109233328,0.102795214,0.104011302,0.123397178,0.130693707,0.093012858,0.037895452
217,335,0.030631121,0.028835691,0.057671382,0.082671382,0.108759521,0.104542982,0.100788901,0.101931447,0.116077258,0.132834603,0.097823721,0.037431991
218,336,0.037116415,0.033576879,0.06276993,0.09020945,0.10654327,0.111414191,0.103133626,0.092320182,0.112388375,0.118428316,0.092222763,0.039876603
219,337,0.024679225,0.032923833,0.065847666,0.11007371,0.116844117,0.107998908,0.087414687,0.08959869,0.116898717,0.127436527,0.088834289,0.031449631
220,338,0.040903779,0.039489062,0.063887807,0.089147684,0.105058126,0.098292088,0.095790704,0.096016238,0.107415988,0.123510959,0.096487811,0.043999754
221,339,0.037585518,0.033654868,0.062826669,0.08583691,0.103896656,0.104661539,0.094208133,0.103004292,0.116432244,0.126142013,0.090043768,0.04170739
222,340,0.024373731,0.026844041,0.058720196,0.084045454,0.109535399,0.107760435,0.101337627,0.099434573,0.128748925,0.133433366,0.091053816,0.034712438
223,341,0.030722961,0.029913245,0.055523424,0.081550029,0.107622903,0.104777328,0.095060729,0.107692308,0.118172354,0.129832273,0.097096588,0.042035859
224,342,0.02189894,0.025582295,0.051195543,0.079501664,0.109541128,0.10998994,0.105935154,0.104882767,0.137073435,0.137073435,0.084794552,0.032531146
225,343,0.04196546,0.034200365,0.059320236,0.080493911,0.096745449,0.102982985,0.109347817,0.103407307,0.10922052,0.120252896,0.095769508,0.046293546
226,344,0.033681254,0.028118201,0.059789045,0.083335628,0.104073146,0.10525736,0.079920685,0.080278703,0.127289251,0.144501666,0.107405469,0.046349591
227,345,0.035207708,0.030152547,0.055368878,0.081298879,0.102827916,0.105147343,0.104195783,0.10627732,0.112373249,0.128222665,0.099497458,0.039430254
228,346,0.028721772,0.02976321,0.061280421,0.086384565,0.1108675,0.105349704,0.094880509,0.097548052,0.124698531,0.136939999,0.090915735,0.032650004
229,347,0.025112222,0.02581096,0.050690268,0.071504192,0.109765393,0.116159905,0.100681799,0.108240874,0.128673668,0.138964174,0.09092064,0.033475904
230,348,0.033251448,0.033514652,0.062379365,0.08080365,0.096727496,0.098569925,0.079663099,0.09979821,0.128575189,0.139498158,0.105983506,0.041235304
231,349,0.040085954,0.036100801,0.064856417,0.082125415,0.069310412,0.100566517,0.102871655,0.112873608,0.126235593,0.13139285,0.094080875,0.039499902
232,350,0.040728648,0.032823509,0.087815776,0.147448015,0.079395085,0.03505757,0.075614367,0.090393538,0.132325142,0.136277711,0.093486853,0.048633786
233,351,0.030510862,0.028026989,0.056943724,0.076925929,0.092125751,0.108956773,0.102988063,0.105434863,0.144694891,0.128345814,0.092348187,0.032698154
234,352,0.029358234,0.032286144,0.06433489,0.094405318,0.095196645,0.109915328,0.11640421,0.108490939,0.118619926,0.113397167,0.081348421,0.036242779
235,353,0.026084711,0.025826446,0.052341598,0.080965909,0.100852273,0.113378099,0.101110537,0.107739325,0.14084022,0.134340565,0.084452479,0.032067837
236,354,0.032064834,0.030014735,0.059004421,0.079217118,0.092799026,0.100967391,0.101832276,0.109039657,0.13011724,0.135979243,0.091806009,0.03715805
237,355,0.029456605,0.029157138,0.053060002,0.071463574,0.099068932,0.104187085,0.107263422,0.107971251,0.134133725,0.135032125,0.094549711,0.03465643
238,356,0.030954428,0.029614081,0.050174498,0.078701128,0.095771585,0.110262506,0.107354206,0.114839917,0.129937788,0.127788175,0.089322745,0.035278944
239,358,0.02902654,0.025755106,0.056577961,0.076896539,0.102342347,0.101676164,0.097441144,0.097940781,0.133664839,0.140850097,0.09920177,0.038626712
240,359,0.025366173,0.024520634,0.053923574,0.076780405,0.102828465,0.106674304,0.096145978,0.096664212,0.135368082,0.140550419,0.103346698,0.037831056
241,361,0.025744042,0.024450805,0.047297996,0.0708694,0.106045453,0.103441735,0.11170121,0.111235645,0.134944994,0.144670138,0.090526606,0.029071973
242,362,0.032553127,0.029264653,0.056898886,0.071379225,0.094288004,0.090612651,0.107414265,0.104678476,0.126564788,0.143891453,0.102937519,0.039516954
243,363,0.025320787,0.022184203,0.050242372,0.068263473,0.092301112,0.10096949,0.123039635,0.11211862,0.135671514,0.149272883,0.09098945,0.029626461
244,364,0.038212095,0.037204207,0.062839614,0.077212971,0.100920245,0.10832603,0.106354075,0.104163015,0.112226117,0.117484663,0.093426819,0.041630149
245,365,0,0,0,0,0,0.222982216,0.718194254,0.058823529,0,0,0,0
246,367,0.024029391,0.027802602,0.054711548,0.078989177,0.105302353,0.118458942,0.111508291,0.110713931,0.130076457,0.139261245,0.081521199,0.017624863
247,368,0.028085601,0.025869273,0.047850888,0.078915816,0.10144243,0.109871744,0.108745413,0.113577735,0.143588998,0.125204375,0.089961123,0.026886604
248,369,0.028494761,0.025351393,0.050575006,0.081190902,0.099054434,0.105826731,0.103884488,0.10638896,0.132660363,0.141042678,0.094326604,0.03120368
249,370,0.029665667,0.031238569,0.060136074,0.074292194,0.055856317,0.102202063,0.108676567,0.118845563,0.137171702,0.14474358,0.105421026,0.031750677
250,371,0.021735013,0.022634719,0.054929444,0.085424756,0.111563595,0.097736528,0.082678284,0.095132115,0.150203618,0.164030685,0.088976229,0.024955015
251,372,0.021662703,0.023523938,0.042032882,0.066487437,0.110691759,0.119067315,0.111518974,0.112708096,0.14626202,0.141247027,0.080343294,0.024454555
252,373,0.021885977,0.022966766,0.047284518,0.074034045,0.09997298,0.108349095,0.095649824,0.105647122,0.147797892,0.157524993,0.090786274,0.028100513
253,374,0.028011573,0.02459232,0.048746274,0.07031387,0.107180431,0.110731194,0.111344906,0.09950903,0.141066106,0.139400316,0.090303349,0.028800631
254,375,0.02961012,0.026377749,0.05263578,0.071990103,0.100722295,0.109501576,0.109900635,0.10630911,0.131290155,0.143381619,0.0897881,0.028492757
255,377,0.04173913,0.041256039,0.062512077,0.061352657,0.095845411,0.101642512,0.088309179,0.09410628,0.13942029,0.137198068,0.089178744,0.047439614
256,378,0.032029019,0.028350184,0.053072985,0.072238944,0.095881248,0.095238095,0.108152607,0.101798256,0.134624785,0.147076226,0.09454349,0.03699416
257,379,0.019889812,0.021057055,0.049024185,0.077038005,0.107012793,0.110701279,0.095340368,0.096227472,0.145204968,0.160799328,0.093239331,0.024465403
258,380,0.032099904,0.032267527,0.058165361,0.077861124,0.101160793,0.105938063,0.107949545,0.108703851,0.117378368,0.133176885,0.091271005,0.034027574
259,381,0.026753206,0.02168751,0.049707139,0.089282887,0.100997309,0.102580339,0.101788824,0.102263733,0.132024695,0.14975463,0.094031977,0.029127751
260,382,0.025758368,0.023927824,0.048313285,0.070933577,0.098653243,0.112513075,0.103164226,0.105910042,0.141474895,0.145724372,0.09355387,0.030073222
261,383,0.02948806,0.031071183,0.058747234,0.072022583,0.100728618,0.105420768,0.107843137,0.101911192,0.129739834,0.136625467,0.0947776,0.031624323
262,384,0.0287687,0.028624856,0.050848677,0.074223245,0.100186997,0.113852129,0.108889528,0.12090046,0.122338895,0.137154776,0.084939586,0.029272152
263,385,0.032960298,0.030032007,0.055682927,0.076180964,0.102898781,0.099834291,0.097496198,0.114657345,0.128844801,0.134383583,0.092320614,0.034708192
264,386,0.03253041,0.032770487,0.061659731,0.079185339,0.094230154,0.094510243,0.098591549,0.121358835,0.124319782,0.128521127,0.093589949,0.038732394
265,387,0.025834499,0.02748351,0.051569059,0.071607036,0.105086948,0.105236858,0.109334399,0.117479512,0.129322407,0.143114132,0.087747352,0.026184289
266,388,0.027291667,0.024333333,0.058416667,0.088833333,0.116708333,0.105,0.095,0.09525,0.125791667,0.1435,0.083041667,0.036833333
267,389,0.024482197,0.024528741,0.045939027,0.068606004,0.092157319,0.091738422,0.103886432,0.112450547,0.139027228,0.159227368,0.110961136,0.026995578
