start_stn,r_weekday.1,r_weekday.2,r_weekday.3,r_weekday.4,r_weekday.5,r_weekday.6,r_weekday.7
101,0.137845279,0.151034728,0.150279776,0.143174349,0.152233769,0.140643041,0.124789058
102,0.140119221,0.148229015,0.139056399,0.138929322,0.145398674,0.151244195,0.137023174
103,0.13690239,0.141650066,0.140106242,0.141318061,0.145335325,0.154432271,0.140255644
104,0.139519076,0.140232815,0.137802702,0.137564789,0.147064322,0.158976973,0.138839324
105,0.134360424,0.141738516,0.135010601,0.143236749,0.147335689,0.157964664,0.140353357
106,0.129369681,0.133690377,0.130565408,0.123913546,0.13533827,0.178103114,0.169019604
107,0.148071958,0.156782907,0.149263684,0.149973044,0.155633743,0.128209857,0.112064807
108,0.141208048,0.143427983,0.137252528,0.143670158,0.15208573,0.149441989,0.132913564
109,0.136093222,0.13890725,0.133449168,0.133996865,0.138208465,0.164649002,0.154696028
110,0.144683404,0.153036736,0.136837733,0.139976001,0.147867824,0.146206387,0.131391914
111,0.135102826,0.134803967,0.133459103,0.132244989,0.137531053,0.16427891,0.162579151
112,0.142403628,0.144997732,0.142730159,0.144888889,0.14829932,0.139464853,0.13721542
113,0.137914974,0.145474305,0.140757753,0.143011633,0.151320474,0.151796947,0.129723913
114,0.135923153,0.141773869,0.139387552,0.14007801,0.148617874,0.155050028,0.139169513
115,0.143151551,0.147370468,0.146359483,0.143443181,0.148614756,0.137396714,0.133663848
116,0.138660336,0.148084381,0.14538403,0.14612708,0.152035231,0.141958752,0.12775019
117,0.144461045,0.145295953,0.139737224,0.134881575,0.141802522,0.152414642,0.14140704
118,0.147594805,0.143771429,0.14481039,0.147490909,0.148384416,0.14052987,0.127418182
119,0.142573517,0.144979329,0.141242146,0.138135613,0.141685937,0.148693154,0.142690304
120,0.142668987,0.153111623,0.148219578,0.1472788,0.15409944,0.137353591,0.117267981
121,0.142458827,0.157998439,0.142272947,0.150377337,0.145432916,0.143536934,0.117922599
122,0.143761093,0.152146513,0.144892867,0.149780076,0.151426293,0.13534995,0.122643208
123,0.136132548,0.154932153,0.147580557,0.139497458,0.14202114,0.149263012,0.130573132
124,0.14785503,0.150388314,0.145414201,0.144988905,0.144877959,0.138184172,0.12829142
125,0.157577316,0.16386538,0.150379657,0.156054734,0.15024124,0.11500435,0.106877323
126,0.156245896,0.155924883,0.151022135,0.15213109,0.147140793,0.126318708,0.111216494
127,0.148441926,0.147308782,0.143767705,0.146081209,0.149622285,0.139235127,0.125542965
128,0.141840062,0.144376014,0.14132027,0.143903476,0.151322318,0.149243152,0.127994708
129,0.148232469,0.151284681,0.145680618,0.146706362,0.1513097,0.137274524,0.119511646
130,0.140701476,0.14294558,0.138379989,0.139618115,0.14584744,0.154011337,0.138496063
131,0.13638494,0.146435453,0.137921158,0.138702286,0.140550956,0.155158048,0.144847159
132,0.130529958,0.140274688,0.133495746,0.138862409,0.146276877,0.163930375,0.146629947
133,0.144336066,0.14681946,0.142510921,0.135599306,0.13880079,0.150768955,0.141164502
134,0.141474139,0.141088441,0.140972731,0.138311413,0.144868284,0.154086474,0.139198519
135,0.140237066,0.144601954,0.138154733,0.137754285,0.142679801,0.155333974,0.141238187
136,0.157799945,0.156968689,0.147755611,0.151773344,0.151080632,0.121293987,0.113327792
137,0.149559034,0.140370319,0.144803066,0.140000923,0.139770051,0.146742393,0.138754213
138,0.144224434,0.155529355,0.144987343,0.147796234,0.154315636,0.133578389,0.11956861
139,0.158205903,0.15247155,0.140513869,0.145803698,0.150826814,0.138780228,0.113397937
140,0.159396673,0.160192519,0.155758517,0.155265851,0.151665593,0.11649676,0.101224088
141,0.153935634,0.159202533,0.148216363,0.150090474,0.148668735,0.130509241,0.10937702
142,0.149850722,0.15663981,0.141507505,0.14641528,0.14923725,0.142161875,0.114187559
143,0.149645145,0.1538861,0.145115689,0.142980786,0.147192891,0.134296925,0.126882465
144,0.145014323,0.147646979,0.141808757,0.141208566,0.148588187,0.14824717,0.127486018
145,0.148570389,0.162244929,0.150025772,0.153361026,0.157181407,0.126648677,0.1019678
146,0.142784981,0.149048661,0.140983331,0.141185385,0.144839199,0.147129146,0.134029298
147,0.145938044,0.152205691,0.144296041,0.141512645,0.150023028,0.139730471,0.126294079
148,0.145112529,0.150850969,0.145812339,0.142733177,0.147743814,0.140185869,0.127561303
150,0.143606225,0.144137831,0.144911077,0.138580128,0.143775372,0.149695535,0.135293833
151,0.127030189,0.13683808,0.133958699,0.135825797,0.144328969,0.16785891,0.154159356
152,0.122544307,0.125471144,0.122016795,0.115652625,0.129989024,0.193043656,0.191282448
153,0.138457628,0.153220445,0.144284541,0.14876227,0.150913144,0.137440851,0.126921122
154,0.13249978,0.144492384,0.140794224,0.142731355,0.145707493,0.151888703,0.141886061
155,0.142021478,0.149704607,0.149122552,0.144960857,0.153691685,0.13529874,0.125200081
156,0.150186825,0.167693053,0.148526156,0.150671187,0.154130916,0.118045945,0.110745918
157,0.136392506,0.155393247,0.144278607,0.142267386,0.145416534,0.14245263,0.13379909
158,0.140910318,0.150130431,0.14662229,0.144823244,0.151749573,0.14216965,0.123594495
159,0.147941138,0.150910441,0.140823545,0.146456487,0.145321165,0.143487184,0.125060041
160,0.146730832,0.152653741,0.145157559,0.141085558,0.147517468,0.143306649,0.123548193
161,0.138505747,0.151067323,0.142528736,0.145977011,0.151970443,0.144663383,0.125287356
162,0.14760689,0.146990639,0.146726531,0.14041729,0.144995158,0.140740089,0.132523403
163,0.152228164,0.159655377,0.148900772,0.144206774,0.149197861,0.129946524,0.115864528
164,0.146661156,0.154277617,0.149672315,0.147133495,0.158764834,0.120210191,0.123280392
165,0.138595582,0.145365032,0.143227311,0.144555289,0.149996761,0.145883267,0.132376757
166,0.140368897,0.153940295,0.144652301,0.141701997,0.149897286,0.139604004,0.12983522
167,0.144940018,0.155459859,0.150538296,0.145985851,0.151461089,0.13294371,0.118671178
168,0.150224215,0.150224215,0.148604883,0.145366218,0.141629297,0.140383657,0.123567514
169,0.15276685,0.154209284,0.14489903,0.145882507,0.155127196,0.1315893,0.115525833
170,0.139700523,0.148081892,0.143808388,0.14281455,0.146292984,0.1461936,0.133108063
171,0.157549365,0.168764541,0.152359363,0.162858677,0.168108334,0.101473483,0.088886238
172,0.142633512,0.143476428,0.146607261,0.144740803,0.142994762,0.147992053,0.131555181
173,0.162350752,0.173321445,0.157078617,0.16083889,0.162118158,0.099046364,0.085245775
174,0.169936709,0.162025316,0.125632911,0.150316456,0.13164557,0.120253165,0.140189873
175,0.148678151,0.154255417,0.144275047,0.141633185,0.14170657,0.137817161,0.131634469
176,0.149360302,0.158547581,0.147898136,0.147581333,0.145558669,0.129011819,0.122042159
177,0.135599694,0.1473644,0.136516425,0.147058824,0.143850267,0.152864782,0.136745607
178,0.140638607,0.154571843,0.145428157,0.140977262,0.152491534,0.143928399,0.121964199
179,0.15312323,0.159405737,0.152144807,0.154925588,0.155569288,0.123976518,0.100854833
180,0.154589559,0.158276732,0.14880652,0.153153503,0.154317873,0.127809043,0.103046769
181,0.11628425,0.116507017,0.118846068,0.120294052,0.125640454,0.20717309,0.195255068
182,0.128169682,0.127158685,0.124476448,0.12394,0.127509439,0.185363237,0.183382508
183,0.141137979,0.152043925,0.146603487,0.144760759,0.149649631,0.141351084,0.124453136
184,0.135890077,0.147506158,0.146579584,0.144432643,0.147054171,0.148206739,0.130330629
185,0.143209268,0.146933969,0.142223318,0.137868704,0.143976118,0.148139019,0.137649604
186,0.100641324,0.091625616,0.094042197,0.08277721,0.099433033,0.248127149,0.283353472
188,0.147780062,0.14888432,0.14115452,0.140012185,0.139364862,0.150331277,0.132472774
191,0.141423213,0.154577632,0.145966506,0.14105341,0.146494796,0.140208146,0.130276296
192,0.145859905,0.148002653,0.147900617,0.146574154,0.151012703,0.137033825,0.123616142
194,0.143898125,0.152246197,0.14594977,0.147411862,0.15238769,0.136257517,0.121848839
195,0.144197343,0.148959474,0.144006857,0.1411972,0.150673842,0.142721082,0.128244202
196,0.136583012,0.150579151,0.138168781,0.138099835,0.14409818,0.148510756,0.143960287
198,0.149959828,0.159506593,0.142445295,0.149770783,0.15548939,0.133371142,0.109456969
199,0.126317235,0.127278344,0.128994611,0.122953352,0.135276147,0.203823842,0.155356469
200,0.179722372,0.182027763,0.181488203,0.171481827,0.18016383,0.048413204,0.056702801
201,0.151550143,0.146212336,0.141005251,0.147149175,0.149284298,0.123139938,0.14165886
202,0.148112675,0.144465729,0.137294629,0.139197917,0.158537783,0.133782755,0.138608512
203,0.170355061,0.174929754,0.15958015,0.167313007,0.175324525,0.079395305,0.073102199
204,0.16163575,0.168128162,0.155874087,0.160680157,0.157026419,0.101658235,0.094997189
205,0.142817738,0.138319542,0.132484617,0.129980904,0.140823255,0.147337153,0.168236792
206,0.159001539,0.157975722,0.14642579,0.149465246,0.154328375,0.110028305,0.122775023
207,0.13519557,0.124642983,0.124301952,0.119384129,0.139001166,0.180758097,0.176716103
208,0.125,0.25,0.28125,0,0,0.03125,0.3125
209,0.162884716,0.156129369,0.149008868,0.151225874,0.163067293,0.113302034,0.104381847
210,0.142219036,0.14255816,0.13819799,0.135048979,0.144718866,0.147780674,0.149476295
211,0.159198143,0.159942472,0.148865844,0.150518507,0.15881967,0.120846264,0.101809098
212,0.152314671,0.160014538,0.153633879,0.157443429,0.164241388,0.115861456,0.096490638
213,0.162343936,0.171665119,0.162419718,0.163518557,0.165450997,0.090900479,0.083701192
214,0.163135942,0.169776631,0.166483728,0.157510565,0.169996158,0.093161736,0.07993524
215,0.131237829,0.122991723,0.115506329,0.111337634,0.131694255,0.206213486,0.181018744
216,0.151762212,0.156910247,0.144144984,0.145775583,0.152926926,0.127210044,0.121270004
217,0.174631635,0.179596809,0.166149461,0.174079949,0.178562398,0.068799853,0.058179896
218,0.171252715,0.170528602,0.157615255,0.163770215,0.166666667,0.093812857,0.076353689
219,0.16640702,0.172574953,0.158108924,0.158713,0.167678759,0.100276603,0.07624074
220,0.155160687,0.152326702,0.147282208,0.147678966,0.152496741,0.139148671,0.105906025
221,0.143305481,0.139247591,0.131391676,0.131931396,0.144284972,0.1565386,0.153300284
222,0.159768844,0.158979017,0.153147461,0.154529658,0.161717084,0.11164205,0.100215886
223,0.157159952,0.155414838,0.147786199,0.151126845,0.155988233,0.122781213,0.10974272
224,0.15672613,0.158768294,0.152181312,0.153522734,0.156465854,0.120928184,0.101407492
225,0.161949143,0.162121735,0.153003107,0.156570015,0.155735819,0.11592452,0.094695662
226,0.153367235,0.156955468,0.15438905,0.156812889,0.161826909,0.1175562,0.099092248
227,0.136765763,0.124605333,0.130951264,0.115696021,0.125355591,0.186470349,0.180155679
228,0.142975249,0.144973217,0.133088755,0.135103946,0.140942834,0.153051207,0.149864793
229,0.155599367,0.159154046,0.15258237,0.155390268,0.162230785,0.109985961,0.105057203
230,0.15247089,0.156897929,0.150755085,0.150925356,0.152719747,0.126864792,0.1093662
231,0.158470494,0.160377358,0.155158571,0.154957848,0.157115616,0.115515857,0.098404255
232,0.153685818,0.156804404,0.147957804,0.150105809,0.151044567,0.125300323,0.115101274
233,0.159649582,0.149320084,0.146574268,0.136506276,0.146835774,0.132845188,0.128268828
234,0.14633355,0.167878001,0.149902661,0.156391953,0.146528228,0.129526282,0.103439325
235,0.146453674,0.148115016,0.146517572,0.140958466,0.1485623,0.140958466,0.128434505
236,0.142802503,0.147461752,0.141515994,0.144888734,0.155146036,0.140438108,0.127746871
237,0.139371888,0.155495979,0.147912677,0.142435848,0.145040214,0.136882421,0.132860973
238,0.171497637,0.173807006,0.159605465,0.164547946,0.162173829,0.094468306,0.073899812
239,0.155004215,0.15912923,0.149735036,0.156660243,0.162320848,0.115199326,0.101951102
240,0.156753363,0.149846652,0.145837861,0.143833466,0.156801661,0.141080441,0.105846555
241,0.128707539,0.154349627,0.149047225,0.141714996,0.1493372,0.145774648,0.131068766
242,0.140195737,0.150578767,0.152218193,0.145511451,0.147051518,0.14104029,0.123404044
243,0.153685155,0.156824637,0.142323217,0.145701899,0.153715055,0.146120496,0.101629541
244,0.140330189,0.143678403,0.140224899,0.141277796,0.148921833,0.147679414,0.137887466
245,0.157519879,0.164081175,0.147421825,0.150275623,0.155007561,0.122444997,0.103248939
247,0.149616742,0.14419683,0.136124397,0.135027883,0.144186387,0.148447127,0.142400635
248,0.123790785,0.11114527,0.107476636,0.102557796,0.164145762,0.200155763,0.190727988
249,0.123629166,0.122479003,0.116407211,0.10118761,0.132830471,0.212860429,0.190606109
250,0.14271876,0.153309655,0.146851792,0.144656119,0.155828221,0.138391992,0.118243461
251,0.142764665,0.149138532,0.148690369,0.14366099,0.14784384,0.135295289,0.132606314
252,0.144888264,0.148768901,0.144219189,0.14378429,0.150809581,0.13836478,0.129164994
253,0.140647142,0.152259487,0.14580381,0.144937805,0.151944576,0.14214297,0.12226421
254,0.140828402,0.154099746,0.147168216,0.137869822,0.148098056,0.138292477,0.13364328
255,0.145712757,0.148290453,0.136520597,0.14050873,0.141919167,0.15222995,0.134818345
256,0.142849813,0.145210119,0.147108625,0.139514598,0.147159936,0.150341218,0.127815691
257,0.144470352,0.150093723,0.139921364,0.136378183,0.146116216,0.145956202,0.13706396
258,0.140373234,0.150850961,0.146206779,0.145951916,0.150652734,0.141166143,0.124798233
259,0.153010886,0.167525108,0.152983705,0.154179634,0.15795768,0.116480709,0.097862278
260,0.144518272,0.132997535,0.127156789,0.118422463,0.126406602,0.175115207,0.175383131
262,0.15722959,0.158995005,0.149048398,0.148079573,0.153332759,0.122567172,0.110747503
263,0.150714595,0.157692123,0.150570232,0.155671046,0.158967326,0.118257062,0.108127617
264,0.156829353,0.158725858,0.152765414,0.153152456,0.160351434,0.117234973,0.100940512
265,0.148296877,0.154202296,0.144895356,0.144895356,0.149241744,0.13691123,0.121557141
266,0.143586778,0.141916418,0.140952748,0.139860589,0.150011243,0.153319842,0.130352382
267,0.149923074,0.148024485,0.139382631,0.143245278,0.141150283,0.140692003,0.137582245
268,0.148831373,0.149396078,0.138321569,0.134086275,0.145568627,0.146196078,0.1376
270,0.168200509,0.177077214,0.161086091,0.166568762,0.171529274,0.088962861,0.066575289
271,0.150535377,0.150605361,0.142977115,0.146406327,0.144586745,0.134439079,0.130449997
272,0.136223878,0.13239926,0.12460004,0.125312469,0.131536846,0.174582542,0.175344966
274,0.134500706,0.148513391,0.142760815,0.135217144,0.150746992,0.152664517,0.135596435
275,0.137314463,0.152778737,0.144770452,0.144321712,0.150500518,0.146634449,0.123679669
276,0.135462555,0.15596408,0.149440868,0.14334124,0.155413419,0.139698407,0.120679431
277,0.132331669,0.145070225,0.140637394,0.137931034,0.142550511,0.161495031,0.139984135
278,0.138460855,0.152049381,0.141969004,0.142146632,0.13650695,0.147653093,0.141214086
279,0.131610372,0.152891505,0.140779597,0.14807233,0.146451723,0.143850222,0.136344251
280,0.143953685,0.16262278,0.150133351,0.150068302,0.157744097,0.127171014,0.108306772
281,0.14745232,0.157557643,0.135069741,0.13891261,0.141474523,0.1323655,0.147167663
282,0.157075472,0.154716981,0.152358491,0.131603774,0.137264151,0.143632075,0.123349057
283,0.151004595,0.164249031,0.143481395,0.142760609,0.145508604,0.124921164,0.128074601
284,0.135685617,0.13281016,0.136793866,0.135685617,0.137153298,0.164859522,0.157011921
285,0.149324443,0.162309177,0.153886647,0.153535708,0.145113178,0.126864362,0.108966485
286,0.156389727,0.154829989,0.154933971,0.146511386,0.148487054,0.12696267,0.111885203
287,0.14635515,0.161709942,0.142478192,0.140488701,0.145947049,0.132581748,0.130439218
288,0.163009404,0.160612207,0.142541029,0.151576618,0.147519823,0.123179052,0.111561866
289,0.152781661,0.172071568,0.140620632,0.152641879,0.146771037,0.121330724,0.113782499
290,0.160798022,0.170602779,0.149288089,0.149117572,0.147582914,0.117912866,0.104697758
291,0.162183716,0.177916334,0.158268687,0.157253679,0.166171246,0.093453201,0.084753136
292,0.14371158,0.159162652,0.1556737,0.146868251,0.152849311,0.125103838,0.11663067
293,0.15235844,0.157623294,0.134683572,0.136993661,0.144299989,0.132051144,0.1419899
300,0.16881637,0.173616836,0.164694758,0.162052078,0.159870048,0.089584445,0.081365466
301,0.153119503,0.15933682,0.151697713,0.15483047,0.155408825,0.118514591,0.107092079
302,0.14739525,0.153383182,0.14848536,0.150650228,0.159202223,0.126084353,0.114799404
303,0.161337301,0.168998924,0.165600794,0.16532641,0.166613901,0.092298276,0.079824395
304,0.15246908,0.153164595,0.148477426,0.153376274,0.16305301,0.111584868,0.117874747
305,0.164775797,0.176481181,0.164888349,0.167567081,0.164595714,0.088285611,0.073406267
306,0.148329236,0.156655118,0.151514305,0.150480554,0.159588735,0.11586388,0.117568172
307,0.155601061,0.163634454,0.1577538,0.161560474,0.166784805,0.105510488,0.089154918
308,0.16456736,0.172112693,0.164902032,0.170287209,0.168431301,0.091335037,0.068364367
309,0.160706761,0.173800494,0.164439227,0.166455963,0.169767022,0.084883511,0.079947023
310,0.156291879,0.167146878,0.158235058,0.156727419,0.169425087,0.095684803,0.096488877
311,0.150487194,0.170524453,0.158274249,0.16147753,0.163152886,0.100012063,0.096071625
312,0.158756655,0.172971833,0.163729332,0.166839451,0.169158862,0.089806891,0.078736975
313,0.155304836,0.151755919,0.141215107,0.153080142,0.169235659,0.122675989,0.106732348
314,0.14390659,0.144229734,0.135806459,0.143217217,0.151511235,0.151618949,0.129709817
315,0.150742924,0.151213303,0.142414432,0.146205141,0.157245234,0.132923826,0.11925514
316,0.160369005,0.164973516,0.156923671,0.157036369,0.166116594,0.105935955,0.088644889
318,0.158504979,0.157277316,0.151502751,0.161051244,0.161278589,0.111217205,0.099167917
320,0.162728856,0.16216407,0.159222478,0.158610627,0.163764296,0.111874618,0.081635054
321,0.145559658,0.151312212,0.146561346,0.148049569,0.158180934,0.130219513,0.120116768
322,0.140345937,0.144448914,0.13608206,0.145575221,0.148672566,0.138616251,0.146259051
323,0.136363636,0.165847666,0.156019656,0.162162162,0.158476658,0.133906634,0.087223587
324,0.151588884,0.15331848,0.150973265,0.15100258,0.161790572,0.130804409,0.100521811
325,0,0,0,0.5,0,0.5,0
326,0.161692797,0.163973249,0.156583708,0.160092095,0.161451595,0.109878303,0.086328253
327,0.156107699,0.155920884,0.152441445,0.154449712,0.157135184,0.127968615,0.095976461
328,0.153897153,0.155181701,0.14807525,0.149276924,0.148240998,0.129138524,0.11618945
329,0.156427747,0.163395949,0.158211775,0.158484626,0.153678245,0.11495435,0.094847308
330,0.160093612,0.169584814,0.163907428,0.165597642,0.171968449,0.09205166,0.076796394
331,0.166229454,0.177453096,0.169815706,0.17247219,0.180474846,0.074182301,0.059372406
332,0.167878964,0.173455533,0.15706527,0.166133256,0.168703327,0.086655029,0.080108622
333,0.136353131,0.133579847,0.155072799,0.163161544,0.154148371,0.1287266,0.128957707
334,0.149060214,0.149721909,0.151134718,0.149864978,0.15619579,0.135933616,0.108088774
335,0.154733406,0.159303591,0.150870511,0.157127312,0.155603917,0.124401523,0.097959739
336,0.16340315,0.169767819,0.163208313,0.167202468,0.167754506,0.092904692,0.075759052
337,0.14048594,0.154354354,0.151515152,0.148675949,0.152716353,0.132623533,0.11962872
338,0.151559264,0.159083919,0.146802534,0.152912472,0.153466057,0.130830582,0.10534517
339,0.149959631,0.152424255,0.150023371,0.153125398,0.155951217,0.135235627,0.1032805
340,0.144375926,0.149774012,0.150341269,0.152482205,0.148804187,0.134110414,0.120111987
341,0.144684789,0.152666281,0.142093696,0.147669173,0.151023713,0.136310006,0.125552342
342,0.141484176,0.151667569,0.146684206,0.14504372,0.15124971,0.135216281,0.128654337
343,0.154538125,0.160011881,0.158696482,0.15576866,0.160054313,0.116561293,0.094369245
344,0.142876814,0.157693261,0.14769629,0.147641211,0.153947839,0.133485721,0.116658864
345,0.172291772,0.178447174,0.17151863,0.168991049,0.180945018,0.078771299,0.049035059
346,0.150697946,0.150862384,0.143188628,0.147208215,0.154480012,0.140393189,0.113169627
347,0.145612772,0.14139917,0.142351995,0.141377996,0.151372067,0.148598289,0.129287711
348,0.152702228,0.156255483,0.144191964,0.147438147,0.153184769,0.131382699,0.11484471
349,0.146591131,0.166516898,0.151240477,0.148193006,0.143895292,0.130806798,0.112756398
350,0.157587214,0.16085238,0.148994673,0.170819728,0.156384258,0.10723492,0.098126826
351,0.148142656,0.153963076,0.15470453,0.148995329,0.149773856,0.133016979,0.111403574
352,0.158977605,0.158581942,0.149323415,0.145999842,0.150114742,0.129461106,0.107541347
353,0.150740358,0.157928719,0.134900138,0.147425964,0.150180785,0.139936295,0.118887741
354,0.148119675,0.152059709,0.150650266,0.152732398,0.153469152,0.134761996,0.108206804
355,0.153544593,0.155205271,0.154579114,0.15558641,0.157355984,0.120657737,0.103070892
356,0.150826969,0.16299125,0.152319053,0.152040868,0.157022912,0.120251884,0.104547064
358,0.146417483,0.151627984,0.149272552,0.148178109,0.146821951,0.132903487,0.124778435
359,0.155579194,0.16010692,0.157624853,0.157161171,0.15860677,0.111447508,0.099473584
361,0.147291099,0.15258475,0.145118461,0.146446184,0.150774218,0.139342001,0.118443287
362,0.150026253,0.150910548,0.144665211,0.150910548,0.150606571,0.133611518,0.119269351
363,0.148816652,0.158083832,0.143313373,0.152010265,0.150784146,0.131308811,0.11568292
364,0.143426819,0.15324277,0.153111306,0.147239264,0.152585451,0.135977213,0.114417178
365,0.207934337,0.165526676,0.161422709,0.154582763,0.123119015,0.073871409,0.113543092
367,0.130970112,0.162744514,0.150680171,0.144573528,0.149885811,0.13955913,0.121586734
368,0.153544308,0.158194964,0.151291647,0.154706972,0.156741634,0.118301057,0.107219416
369,0.15706619,0.157091745,0.160618451,0.161231791,0.162151802,0.102938922,0.098901099
370,0.173567927,0.175652937,0.165301046,0.167715268,0.17803058,0.081461702,0.058270539
371,0.150061559,0.148262146,0.133724785,0.136850081,0.138791552,0.152618619,0.139691259
372,0.139178989,0.149725985,0.145486506,0.141505532,0.150191294,0.140574915,0.13333678
373,0.151310457,0.137800594,0.133477439,0.145636315,0.137800594,0.140502567,0.153472035
374,0.150710153,0.157417149,0.150184114,0.147422409,0.147948448,0.12576714,0.120550587
375,0.14146614,0.15990263,0.151841654,0.148010695,0.155912048,0.130691568,0.112175266
377,0.156038647,0.151884058,0.148888889,0.161352657,0.169855072,0.119903382,0.092077295
378,0.157495305,0.166885339,0.159759204,0.158087006,0.158395719,0.122945126,0.076432302
379,0.15725091,0.155570081,0.14333738,0.14492483,0.16205995,0.125875432,0.110981417
380,0.16871307,0.166827306,0.162091941,0.167372082,0.160834765,0.094623476,0.079537359
381,0.150387842,0.15292069,0.140098148,0.141997784,0.136932088,0.14231439,0.135349058
382,0.150692992,0.146247385,0.144351464,0.136571653,0.142520921,0.141344142,0.138271444
383,0.155889982,0.153429465,0.153372244,0.148584726,0.155336843,0.127775235,0.105611505
384,0.15089183,0.162039701,0.146216916,0.158371692,0.156861335,0.124856157,0.100762371
385,0.149615236,0.157537512,0.146232947,0.147027444,0.15821851,0.129957097,0.111411255
386,0.156890205,0.172615237,0.161051536,0.16353233,0.158570743,0.100872279,0.08646767
387,0.150909454,0.156306216,0.154057565,0.148061163,0.155506696,0.13876674,0.096392165
388,0.141333333,0.150541667,0.14975,0.142083333,0.150583333,0.148,0.117708333
389,0.156248545,0.170816849,0.160344426,0.16039097,0.174493833,0.10840121,0.069304166
390,0.156617704,0.161385834,0.148581097,0.14877336,0.154387449,0.122587095,0.107667461
391,0.152432273,0.16490736,0.154720602,0.150291577,0.165497896,0.113973573,0.098176718
393,0.154470294,0.158008075,0.152009229,0.151009421,0.155431648,0.126360315,0.102711017
394,0.166145833,0.168333333,0.149791667,0.164479167,0.15625,0.106145833,0.088854167
395,0.156905055,0.162530826,0.149815043,0.15467016,0.150123305,0.121146732,0.104808878
397,0.146325827,0.15762481,0.146646366,0.149290809,0.154259155,0.138793173,0.107059861
398,0.147206529,0.161330822,0.145166353,0.140379787,0.170825487,0.141399874,0.093691149
399,0.151494868,0.159303882,0.142347166,0.149933066,0.157518965,0.128290942,0.111111111
400,0.145291297,0.152127334,0.146957793,0.145427337,0.15362378,0.13610856,0.120463898
401,0.148831013,0.149647585,0.147455733,0.141395909,0.151108819,0.138086643,0.123474299
402,0.151413257,0.147817692,0.14252422,0.144288711,0.153743716,0.137696841,0.122515564
403,0.159626108,0.162715128,0.156898143,0.156416737,0.159706343,0.107193004,0.097444538
404,0.191881919,0.210332103,0.20295203,0.221402214,0.136531365,0.025830258,0.011070111
405,0.161278016,0.175441106,0.167525036,0.167763472,0.17892227,0.077920839,0.071149261
406,0.149707723,0.155553256,0.13698205,0.144534685,0.145724484,0.13563706,0.131860742
407,0.157577201,0.163253156,0.149837263,0.157418433,0.161427324,0.116892911,0.093593713
408,0.165790607,0.170501221,0.167887405,0.172827804,0.170788453,0.079391067,0.072813442
409,0.152450313,0.165763681,0.157419004,0.159161448,0.163313368,0.107800163,0.094092023
410,0.15627444,0.150373267,0.155634554,0.145680768,0.156629932,0.117170281,0.118236758
411,0.146913655,0.162086405,0.158521723,0.165072208,0.158948266,0.112729267,0.095728475
412,0.168107053,0.171990123,0.166255128,0.173403959,0.170795332,0.076705564,0.072742841
413,0.146921408,0.143375605,0.14592024,0.141581845,0.144960788,0.143041882,0.134198231
414,0.160092213,0.161533043,0.153208248,0.155289447,0.160060195,0.111680328,0.098136527
415,0.169899416,0.177916811,0.164590059,0.167925082,0.172100531,0.080694218,0.066873883
416,0.161974815,0.157040804,0.155951084,0.158645114,0.155103523,0.114904952,0.096379707
417,0.15938806,0.164832637,0.16489015,0.162953874,0.162148691,0.098251601,0.087534987
418,0.121842584,0.119534175,0.124802083,0.116737448,0.123825449,0.192870566,0.200387694
419,0.133728301,0.131631558,0.129132534,0.125487615,0.135910376,0.183050517,0.161059099
420,0.110258446,0.100879127,0.103201905,0.098644556,0.113169269,0.227926259,0.245920438
421,0.156697547,0.156589686,0.150777196,0.145779653,0.150154001,0.123488453,0.116513465
422,0.103404579,0.110247529,0.119624905,0.100701191,0.115485343,0.245754837,0.204781617
424,0.146438182,0.149270642,0.136949441,0.14303923,0.155218808,0.136382949,0.132700751
425,0.184391201,0.183270282,0.177665686,0.175423848,0.177805801,0.055905843,0.045537341
426,0.15920398,0.161415146,0.149727553,0.144436547,0.154307826,0.124220169,0.106688778
427,0.144302139,0.152306797,0.148450007,0.149468782,0.147576772,0.135715325,0.122180178
428,0.17348737,0.179949089,0.153906403,0.152731545,0.175249657,0.09575093,0.068925005
429,0.148343735,0.152664426,0.137782045,0.138262122,0.142102736,0.151704273,0.129140663
430,0.157688723,0.155079217,0.14277726,0.150792171,0.163466915,0.122646785,0.107548928
431,0.155747388,0.153839164,0.144979555,0.14538846,0.14970468,0.13920945,0.111131304
432,0.085220689,0.179816707,0.149478563,0.144316865,0.154218898,0.150321289,0.136626988
433,0.15289794,0.161626215,0.143174336,0.148763494,0.161855907,0.124339637,0.10734247
434,0.1608,0.1364,0.1148,0.1388,0.1468,0.1572,0.1452
435,0.168106834,0.153705158,0.147420791,0.157632888,0.148468185,0.127520293,0.09714585
436,0.158206872,0.157858015,0.131519274,0.146694575,0.146345718,0.142333857,0.117041688
437,0.145300807,0.152881718,0.139274954,0.138594616,0.140830013,0.150063174,0.133054719
438,0.136696683,0.15655238,0.141227138,0.140108507,0.146932155,0.14201018,0.136472957
439,0.153571678,0.157349752,0.145525782,0.142797173,0.151262856,0.13188274,0.117610019
440,0.072052402,0.066472586,0.108927705,0.09631247,0.136098981,0.276322174,0.243813683
446,0.163265306,0.151697545,0.147935672,0.149628515,0.136273864,0.131853663,0.119345434
447,0.149706979,0.154235482,0.150506127,0.13185935,0.148641449,0.151571657,0.113478956
449,0.144319683,0.161822985,0.14663144,0.131770145,0.144319683,0.134412153,0.13672391
450,0.147610768,0.148510103,0.139276935,0.142454584,0.14964926,0.143773608,0.128724744
451,0.15648201,0.154768704,0.147344375,0.146773272,0.147915477,0.120597754,0.126118409
452,0.162800506,0.167721074,0.149022916,0.147757627,0.166034022,0.116828342,0.089835512
453,0.148695109,0.160571964,0.148148148,0.14416315,0.154789811,0.136818253,0.106813565
454,0.168898586,0.161149564,0.151369245,0.14121276,0.154679506,0.12300632,0.09968402
455,0.154259287,0.174697896,0.153513352,0.154706848,0.170819036,0.119797106,0.072206475
456,0.142918547,0.153019557,0.148828713,0.141521599,0.146357189,0.138190415,0.12916398
457,0.16324981,0.178110424,0.155005966,0.159778718,0.161297321,0.104349713,0.078208049
458,0.157668823,0.172420047,0.150293211,0.150958225,0.151744151,0.105011789,0.111903754
461,0.169856872,0.171322642,0.15804449,0.150715641,0.157440938,0.100534575,0.092084842
462,0.141474311,0.174981385,0.139985108,0.141474311,0.134772897,0.151898734,0.115413254
463,0.222222222,0.125,0.106481481,0.101851852,0.171296296,0.171296296,0.101851852
464,0.140492687,0.151270208,0.135103926,0.137413395,0.160508083,0.132409546,0.142802156
465,0.071428571,0.035714286,0.25,0.25,0.25,0.142857143,0
500,0.14801444,0.149342445,0.145654977,0.145654977,0.144185147,0.137403301,0.129744714
501,0.140148802,0.135208221,0.136903805,0.132504056,0.139520267,0.16742432,0.14829053
502,0.126424572,0.121548176,0.123210271,0.11536225,0.128645278,0.19545877,0.189350684
503,0.138967136,0.141761681,0.138967136,0.136552649,0.141001565,0.156852224,0.145897608
504,0.140064962,0.152245345,0.149016127,0.145862447,0.152283114,0.140650376,0.11987763
505,0.145624413,0.150092665,0.146246414,0.1419051,0.146309883,0.141625835,0.128195689
506,0.165611013,0.155307829,0.15573009,0.160037159,0.148805,0.117810996,0.096697914
507,0.16274878,0.1701089,0.152234322,0.158054825,0.159181374,0.106646639,0.09102516
508,0.162747268,0.1671393,0.159876885,0.161675197,0.164234334,0.099806336,0.084520681
509,0.149408502,0.155146473,0.148390713,0.152343865,0.15557424,0.134702186,0.104434021
510,0.116579823,0.106064411,0.110553079,0.100853789,0.118243455,0.227572352,0.220133091
511,0.121501395,0.113930871,0.117218799,0.114663056,0.127538474,0.20613102,0.199016384
512,0.14053632,0.144184859,0.139320141,0.141467223,0.142202937,0.152578001,0.139710519
513,0.152540425,0.16374818,0.15087363,0.152981071,0.153938999,0.119683501,0.106234194
514,0.152202084,0.163481721,0.154118527,0.157239592,0.157860154,0.116866524,0.098231397
515,0.142670708,0.138839774,0.138124105,0.134840448,0.140060621,0.159383683,0.14608066
516,0.145590215,0.152631284,0.143402154,0.14578658,0.148928411,0.135519524,0.128141831
518,0.162933876,0.171126624,0.159298041,0.157116541,0.161334109,0.098846228,0.08934458
519,0.145283554,0.153026065,0.136203332,0.148202197,0.145810531,0.135797965,0.135676355
520,0.14389973,0.15095986,0.146319213,0.147310804,0.142471839,0.138981437,0.130057116
521,0.142351703,0.146807891,0.138634481,0.13816423,0.142821954,0.15227176,0.138947981
522,0.133570265,0.145861099,0.145416852,0.153709462,0.148526581,0.147490004,0.125425737
523,0.123526638,0.136727959,0.141914191,0.139556813,0.130598774,0.169966997,0.157708628
524,0.1355488,0.144669253,0.148652899,0.143935423,0.144774085,0.150330223,0.132089318
525,0.145626376,0.137786608,0.133450572,0.133799603,0.133839875,0.154862267,0.160634699
526,0.154451871,0.166935546,0.161289084,0.16324806,0.158792348,0.104401936,0.090881155
529,0.160114943,0.163965517,0.162011494,0.159712644,0.161666667,0.104885057,0.087643678
530,0.150027579,0.159183673,0.150284979,0.152895753,0.151388123,0.125059754,0.11116014
533,0.141183575,0.142995169,0.136714976,0.135507246,0.148188406,0.159661836,0.135748792
534,0.135573159,0.138213603,0.137667304,0.134025312,0.132568515,0.160338705,0.161613403
535,0.139688716,0.146254864,0.1375,0.138861868,0.141001946,0.149659533,0.147033074
536,0.139962816,0.148829671,0.144205558,0.143633503,0.150879535,0.144777614,0.127711303
537,0.144642954,0.144425078,0.137371317,0.13780707,0.138896454,0.149082194,0.147774933
538,0.138436614,0.158282706,0.15164034,0.151397327,0.151316322,0.132644795,0.116281896
539,0.144547002,0.148609493,0.14281447,0.139229919,0.141589748,0.144098934,0.139110434
540,0.143249554,0.147797159,0.146286377,0.147156221,0.146728929,0.143051168,0.125730593
542,0.143164436,0.131585936,0.131718717,0.127921181,0.14515615,0.16183344,0.15862014
543,0.141475528,0.133078481,0.133960661,0.128961642,0.141442854,0.167744887,0.153335947
544,0.126051763,0.125785494,0.119661306,0.115454255,0.127862392,0.185962296,0.199222494
546,0.144546931,0.149909601,0.149541875,0.139766494,0.145833972,0.141451905,0.128949223
548,0.135908564,0.14443776,0.138293301,0.137047222,0.140871396,0.156189576,0.147252181
549,0.142241379,0.148049002,0.141878403,0.14137931,0.1448049,0.147549909,0.134097096
550,0.162660351,0.165699625,0.15606868,0.163370831,0.167160055,0.101085455,0.083955003
551,0.141262242,0.150642002,0.145418934,0.143873776,0.146420022,0.146811752,0.125571273
552,0.140522876,0.134053621,0.12505002,0.132386288,0.139655862,0.156996132,0.171335201
553,0.140316206,0.153874437,0.140729846,0.151898152,0.149140546,0.135904035,0.128136777
554,0.143522512,0.149215111,0.147490081,0.161290323,0.148870105,0.141624978,0.10798689
555,0.139773163,0.14722481,0.139225248,0.141581283,0.147170018,0.147115227,0.137910251
556,0.120681987,0.118902891,0.119644181,0.112231282,0.122312824,0.212898443,0.193328391
557,0.145520476,0.163809073,0.153245832,0.155256001,0.157817981,0.118481731,0.105868905
558,0.15014437,0.154626701,0.148824419,0.150446858,0.146377011,0.130372611,0.11920803
559,0.138416361,0.140388044,0.135332984,0.13602517,0.14280021,0.159433665,0.147603566
560,0.13920989,0.153285407,0.150362806,0.149355012,0.155872077,0.134708412,0.117206396
561,0.142250473,0.142223075,0.137181841,0.131866626,0.142880627,0.158415299,0.14518206
562,0.15204036,0.154278042,0.151267342,0.151185972,0.146588551,0.131494365,0.113145368
563,0.177106196,0.187067365,0.175273148,0.18234003,0.184944888,0.051807723,0.04146065
564,0.121588089,0.159084643,0.138682106,0.156051833,0.138130687,0.150261924,0.136200717
565,0.137800174,0.138148563,0.134652233,0.125730994,0.134913525,0.166629339,0.162125171
567,0.160371526,0.167156708,0.157838392,0.162648332,0.166689284,0.10283319,0.082462568
568,0.145380767,0.151736388,0.144337793,0.141828137,0.149617848,0.14596744,0.121131627
569,0.134927901,0.153124285,0.134699016,0.141794461,0.151178759,0.146372168,0.13790341
571,0.154154482,0.154931594,0.149859915,0.157508334,0.147446778,0.122579194,0.113519704
572,0.141818721,0.138925975,0.136626613,0.143821391,0.144488948,0.146714137,0.147604213
573,0.142963694,0.155731052,0.148096962,0.146736865,0.148886695,0.134452122,0.123132609
574,0.13792079,0.14591951,0.143405627,0.136778116,0.141097424,0.152227072,0.142651461
575,0.14601708,0.145877082,0.143637127,0.141117178,0.141537169,0.133697326,0.148117038
576,0.137243356,0.14246457,0.144191889,0.137478899,0.142817886,0.157343069,0.138460331
577,0.14763757,0.14663654,0.146779545,0.140172749,0.146236129,0.150068642,0.122468825
578,0.17357513,0.179358959,0.168002169,0.172581034,0.168032293,0.07781058,0.060639836
579,0.149514441,0.154180855,0.148852314,0.142861647,0.141253626,0.137564636,0.125772481
580,0.139618364,0.149820518,0.141507652,0.13716229,0.133572643,0.146608729,0.151709805
581,0.145405943,0.159020266,0.151995524,0.159020266,0.152741514,0.119234117,0.11258237
582,0.154212975,0.155443603,0.146021613,0.154482175,0.150059609,0.123216552,0.116563473
583,0.138235505,0.138135168,0.127212786,0.125736401,0.128703505,0.161556654,0.180419981
584,0.151225577,0.148365897,0.142433393,0.147388988,0.147069272,0.133232682,0.130284192
585,0.144981413,0.154550461,0.145119097,0.144889623,0.151131305,0.136077837,0.123250264
586,0.143589744,0.152503053,0.148290598,0.153235653,0.149389499,0.133089133,0.11990232
587,0.155734272,0.162436123,0.150414677,0.154016922,0.155859931,0.120382006,0.101156069
588,0.134574392,0.135057553,0.131476481,0.125081711,0.130538582,0.175529345,0.167741935
589,0.149662038,0.162934743,0.150079882,0.149195035,0.159223301,0.124984638,0.103920364
590,0.157209488,0.165458422,0.158448827,0.154797441,0.155996802,0.110900853,0.097188166
591,0.157976223,0.166159801,0.165385679,0.175504562,0.144539674,0.095051147,0.095382914
592,0.16758794,0.180266718,0.168225744,0.16803247,0.151294936,0.085890993,0.078701198
593,0.128130986,0.153106589,0.14569704,0.140456139,0.152383706,0.145950049,0.134275491
594,0.16588586,0.174190801,0.177385009,0.169399489,0.176959114,0.074531516,0.061648211
600,0.141994774,0.146409586,0.137129471,0.140643301,0.132264168,0.154067934,0.147490765
601,0.152861531,0.155990443,0.153942428,0.148594834,0.154397542,0.126976903,0.107236318
602,0.136870448,0.152162657,0.144292174,0.141893058,0.146087197,0.145517622,0.133176844
603,0.154761905,0.142857143,0.107142857,0.154761905,0.095238095,0.214285714,0.130952381
604,0.146584641,0.155918541,0.137604299,0.14340263,0.14234196,0.139018526,0.135129402
605,0.159652224,0.159078966,0.141690154,0.146992787,0.152534276,0.122533798,0.117517795
606,0.141325536,0.152223994,0.149654439,0.148413964,0.139376218,0.137161085,0.131844763
607,0.149776036,0.144806831,0.144176932,0.14543673,0.140257559,0.137737962,0.137807951
608,0.145107239,0.168230563,0.152368186,0.155049151,0.149798928,0.124106345,0.105339589
609,0.151497949,0.15521379,0.145485511,0.141666452,0.141305189,0.135808841,0.129022269
610,0.147266368,0.152543413,0.143768792,0.144689207,0.141743879,0.145118734,0.124869608
612,0.151951448,0.162636795,0.149368887,0.153178164,0.15582529,0.122639378,0.104400039
613,0.154552139,0.158501049,0.142296904,0.149595577,0.155777663,0.12892508,0.110351589
614,0.147234573,0.159728789,0.148642939,0.149669034,0.150373217,0.131983985,0.112367463
615,0.150575288,0.156770693,0.146881133,0.146111517,0.144495325,0.13041136,0.124754685
616,0.157438292,0.160773849,0.148644551,0.154648554,0.154224028,0.113105707,0.111165019
617,0.143209442,0.155055487,0.147525101,0.148317773,0.152060948,0.138453408,0.11537784
621,0.144095238,0.143904762,0.14952381,0.144952381,0.15,0.147619048,0.119904762
622,0.139982044,0.153823133,0.142862487,0.144096962,0.145106988,0.146790364,0.127338022
623,0.152964717,0.160827901,0.146914912,0.148134253,0.14532039,0.126686364,0.119151464
624,0.146579906,0.1533983,0.145521343,0.145054329,0.148385691,0.14521,0.115850431
625,0.138646727,0.152561695,0.144413895,0.142368562,0.156752951,0.140054989,0.12520118
626,0.15093598,0.15810937,0.147054488,0.14690709,0.145187442,0.134918685,0.116886945
627,0.13468122,0.152281606,0.143139071,0.145152845,0.147730476,0.144709815,0.132304966
628,0.141767554,0.148547215,0.144673123,0.143341404,0.139830508,0.153510896,0.128329298
630,0.15525717,0.16438664,0.154920082,0.152195286,0.153515548,0.121070817,0.098654457
631,0.154381581,0.160159736,0.150968231,0.151771372,0.152842227,0.127788685,0.102088167
632,0,0,0.266666667,0.2,0.466666667,0.066666667,0
633,0.144885207,0.148835316,0.140192957,0.140671758,0.143065763,0.148141055,0.134207943
634,0.144610823,0.154010378,0.141645663,0.142965159,0.141882876,0.13879911,0.13608599
635,0.149805916,0.147102128,0.1428189,0.139365547,0.143220452,0.143033061,0.134653995
636,0.155272012,0.163397448,0.15857297,0.162000889,0.155843331,0.101377515,0.103535834
637,0.147078244,0.158633212,0.149059095,0.145221195,0.144684714,0.130323539,0.125
638,0.164082388,0.177412636,0.161258968,0.169127517,0.153020134,0.09544087,0.079657487
639,0.15234966,0.148614788,0.140412254,0.144288956,0.143319781,0.14017587,0.130838691
640,0.145448697,0.153425539,0.151174011,0.148665166,0.151752975,0.135155999,0.114377613
641,0.149639103,0.147967834,0.142687594,0.138376205,0.145884804,0.156033522,0.119410938
642,0.144817191,0.156257247,0.14848883,0.147445312,0.149223158,0.136932828,0.116835433
643,0.141833994,0.160122778,0.150402865,0.141450313,0.144775547,0.130494096,0.130920408
646,0.137436519,0.160635965,0.152325716,0.1513735,0.156509695,0.129010849,0.112707756
647,0.153040442,0.149258074,0.140335564,0.138880807,0.147027446,0.140432548,0.131025119
648,0.143117461,0.157185029,0.151791246,0.14457524,0.151244579,0.138233901,0.113852546
650,0.139886929,0.150020081,0.14433563,0.137662578,0.136921128,0.145138867,0.146034786
