start_stn,r_hour.0,r_hour.1,r_hour.2,r_hour.3,r_hour.4,r_hour.5,r_hour.6,r_hour.7,r_hour.8,r_hour.9,r_hour.10,r_hour.11,r_hour.12,r_hour.13,r_hour.14,r_hour.15,r_hour.16,r_hour.17,r_hour.18,r_hour.19,r_hour.20,r_hour.21,r_hour.22,r_hour.23
101,0.033351097,0.029043432,0.022115641,0.014832578,0.01065814,0.01025846,0.022648548,0.051603162,0.065725198,0.049915623,0.043787192,0.041788791,0.0418332,0.04387601,0.04387601,0.036459721,0.040945022,0.054223288,0.080868638,0.071587175,0.056710187,0.044941824,0.04800604,0.040945022
102,0.040537418,0.032508491,0.025473071,0.016623923,0.010859269,0.008028927,0.006642638,0.011875881,0.053129549,0.033525103,0.028199441,0.022746702,0.030325085,0.041912155,0.040225503,0.043437074,0.050576465,0.058420554,0.078360019,0.090027957,0.0746748,0.073069014,0.071451676,0.057369284
103,0.044040505,0.034213147,0.029548473,0.022177955,0.013944223,0.008200531,0.008217131,0.009777556,0.024933599,0.039591633,0.025298805,0.029697875,0.033582337,0.038413015,0.045999336,0.048406375,0.052324037,0.060873174,0.078668659,0.077788845,0.075564409,0.071497344,0.071796149,0.055444887
104,0.034786303,0.022482794,0.016874841,0.011606764,0.007222364,0.004350412,0.003126859,0.007137395,0.023009601,0.025269777,0.022448806,0.021344209,0.030945705,0.040071374,0.048534285,0.0539723,0.063301895,0.075214547,0.101418982,0.104120996,0.078698275,0.076557057,0.072818421,0.05468604
105,0.038303887,0.030303887,0.026911661,0.017498233,0.012636042,0.007886926,0.006501767,0.011477032,0.036720848,0.029314488,0.028212014,0.026176678,0.033583039,0.038360424,0.044636042,0.05209894,0.058007067,0.065215548,0.086784452,0.085964664,0.075674912,0.070190813,0.066798587,0.050742049
106,0.045317069,0.034223933,0.027340963,0.018548849,0.013183147,0.007747109,0.00478291,0.006802584,0.017875624,0.022688679,0.020307272,0.018820149,0.022387235,0.029370686,0.033460275,0.045085962,0.053626873,0.068879935,0.091900202,0.099808081,0.0868058,0.083158328,0.081088414,0.066789924
107,0.041298981,0.036744886,0.026544278,0.018429192,0.012101694,0.00784553,0.01252731,0.014527708,0.032332662,0.03875947,0.031481429,0.030091082,0.040291689,0.045966575,0.043171694,0.048874954,0.049258009,0.057940584,0.089209205,0.077916182,0.061501575,0.064636949,0.0676872,0.050861164
108,0.039050675,0.036366572,0.029182055,0.023531311,0.017073318,0.012815079,0.006437812,0.004560957,0.009000827,0.014893746,0.014974471,0.021351739,0.038606688,0.036750015,0.047809328,0.052572097,0.059110815,0.070795746,0.095114125,0.096082824,0.076749208,0.078343525,0.066981494,0.051845573
109,0.052352263,0.049311602,0.03784774,0.027139323,0.020888024,0.014164573,0.01006629,0.009329732,0.018942756,0.02545846,0.024740788,0.026402765,0.027498159,0.031275378,0.033485052,0.039131995,0.045779901,0.057149332,0.073240288,0.079888194,0.075223328,0.079661561,0.07603543,0.064987063
110,0.059119439,0.049381577,0.021137161,0.01236847,0.00595348,0.006322688,0.009691711,0.027136792,0.065903637,0.036643899,0.029398191,0.026490677,0.039736016,0.037013107,0.03484401,0.043935758,0.04448957,0.054458187,0.074995385,0.071026398,0.06193465,0.058611778,0.067011261,0.06239616
111,0.054354932,0.042213796,0.032500887,0.019780712,0.013336571,0.009544801,0.008162579,0.006257355,0.020826718,0.018678671,0.017240413,0.020882754,0.028821189,0.032500887,0.036628873,0.041354577,0.050339018,0.062872406,0.077759307,0.080374321,0.0764518,0.082970656,0.088294077,0.0778527
112,0.047800454,0.037079365,0.030621315,0.019501134,0.014748299,0.01077551,0.006621315,0.010358277,0.023328798,0.020698413,0.019192744,0.02338322,0.035319728,0.043501134,0.046185941,0.053496599,0.057251701,0.070222222,0.080653061,0.076154195,0.065596372,0.066993197,0.072997732,0.067519274
113,0.032630401,0.024589242,0.021537671,0.015118663,0.009620481,0.006317288,0.004572004,0.009202897,0.031730991,0.025659969,0.021141502,0.020552602,0.027137572,0.035537425,0.039204664,0.047427846,0.057819251,0.069292089,0.108807264,0.11756581,0.08040088,0.07411036,0.070694741,0.049328387
114,0.045218887,0.033214623,0.025510575,0.017600601,0.011628752,0.006674419,0.004481915,0.005729583,0.012052717,0.012258643,0.012307096,0.017540034,0.023826829,0.037938804,0.041088257,0.047508298,0.05998498,0.07190445,0.086791676,0.095610146,0.087082395,0.091116118,0.087155074,0.065775129
115,0.05212404,0.039408963,0.027549334,0.017458929,0.011859629,0.007932342,0.006668611,0.014328764,0.034801205,0.037270341,0.029474094,0.026227277,0.030990571,0.037989696,0.043414018,0.044891611,0.047905123,0.05752892,0.073315836,0.078720715,0.062156119,0.069816273,0.079303976,0.068863614
116,0.03807677,0.032784806,0.025716771,0.015912139,0.011073254,0.007811084,0.008952844,0.035267679,0.070100402,0.044220523,0.036953133,0.038113016,0.039272899,0.040070318,0.038638588,0.042933778,0.050781108,0.058501577,0.067871253,0.067671898,0.061473776,0.06178187,0.061238175,0.044782341
117,0.04196511,0.033835743,0.020081733,0.014017665,0.008590763,0.004811706,0.005492815,0.014039636,0.04754581,0.031572703,0.028255042,0.027551962,0.029573318,0.032605352,0.039899811,0.04440392,0.048820143,0.058882981,0.089137408,0.086127345,0.082062662,0.074900031,0.077514611,0.058311728
118,0.037818182,0.027366234,0.020675325,0.014171429,0.010244156,0.012696104,0.014067532,0.014150649,0.049849351,0.040415584,0.042036364,0.036509091,0.036820779,0.043449351,0.039397403,0.041038961,0.050867532,0.059428571,0.078794805,0.078171429,0.068446753,0.065745455,0.066992208,0.050846753
119,0.030271179,0.025669773,0.019480064,0.012285988,0.008922524,0.006072922,0.01987714,0.022633312,0.085417981,0.04145937,0.039871067,0.033167496,0.037091538,0.035736809,0.03393829,0.03975428,0.051946839,0.052881134,0.068063439,0.08121365,0.064396328,0.069861958,0.069651741,0.050335179
120,0.028035185,0.02483654,0.023190178,0.01284162,0.009313702,0.011336375,0.01881556,0.025918435,0.060444988,0.067877134,0.049437885,0.043605061,0.049861235,0.043322828,0.043181711,0.043275789,0.053248036,0.055317748,0.067171551,0.066324851,0.054329931,0.054188814,0.050284585,0.043840256
121,0.03252909,0.024796461,0.018773932,0.010818246,0.008364623,0.014870441,0.017918882,0.039927135,0.080411911,0.054277111,0.045131789,0.03806833,0.039927135,0.046247072,0.040856537,0.037956801,0.044760028,0.053793821,0.070746124,0.052306777,0.052120897,0.059556117,0.067846388,0.047994349
122,0.034441958,0.024281709,0.01520179,0.009285696,0.009311418,0.010494637,0.013607017,0.034570569,0.072382128,0.065231371,0.053759292,0.048640584,0.041592715,0.044499318,0.046377035,0.038943334,0.046325591,0.053141961,0.071121743,0.061295882,0.062196157,0.054479512,0.048820639,0.039997942
123,0.036648257,0.032295819,0.023005742,0.014703193,0.007205296,0.006510369,0.012911013,0.042207673,0.09582678,0.057752094,0.031820343,0.026590103,0.031527742,0.032112944,0.036428807,0.045536008,0.04941297,0.060714678,0.066859296,0.062726308,0.06667642,0.064006437,0.054021433,0.042500274
124,0.043805473,0.025998521,0.018158284,0.011686391,0.006693787,0.006305473,0.011076183,0.018786982,0.043176775,0.038831361,0.036076183,0.034319527,0.039940828,0.045543639,0.041161243,0.043509615,0.058616864,0.067548077,0.078716716,0.068491124,0.060096154,0.063886834,0.074130917,0.063443047
125,0.036759472,0.025132484,0.017420707,0.009906668,0.00595191,0.005556434,0.007692003,0.009175038,0.018607134,0.028039231,0.033437475,0.039191648,0.050225421,0.059360911,0.051985288,0.059697066,0.069999209,0.078838092,0.093628886,0.06901052,0.056355295,0.057245116,0.063414538,0.053369453
126,0.034669429,0.021128507,0.014124582,0.00840471,0.006522405,0.005340493,0.009995185,0.018181022,0.032670392,0.037587731,0.034859119,0.043161689,0.049100433,0.056279457,0.049902966,0.05467439,0.068375819,0.078225089,0.080661871,0.06674157,0.060160798,0.059839785,0.062568398,0.046824158
127,0.056987724,0.036307838,0.027525968,0.015911237,0.011661945,0.010434372,0.010056657,0.012936733,0.045278565,0.038810198,0.034041549,0.034419263,0.036591124,0.043578848,0.044192635,0.044239849,0.047544854,0.056137866,0.067186025,0.0697356,0.055996223,0.065958451,0.07407932,0.060387158
128,0.043599477,0.0294706,0.020917668,0.012506497,0.00889946,0.005355427,0.006536771,0.014664419,0.035093799,0.030903965,0.022792068,0.024241183,0.032463339,0.043835746,0.044828075,0.048844645,0.057917369,0.064186369,0.084284972,0.086332635,0.074204168,0.072408525,0.076755871,0.058956952
129,0.0521378,0.035926046,0.024817993,0.013009432,0.008005804,0.006754897,0.004978609,0.00980711,0.045032649,0.026694353,0.032273398,0.026344099,0.028971004,0.034750194,0.036651572,0.037677316,0.045507993,0.063496035,0.067949263,0.073027945,0.06947537,0.085111706,0.099322008,0.072277401
130,0.041438548,0.02925074,0.02114488,0.014644716,0.010291927,0.006596893,0.005320075,0.007215956,0.024259542,0.026871215,0.019732642,0.024027394,0.032249328,0.040703411,0.04586872,0.047841984,0.058327368,0.06941247,0.090112399,0.087365305,0.080632992,0.07792459,0.081542241,0.057224662
131,0.034031141,0.026193824,0.016846326,0.009139197,0.005780347,0.004921106,0.023329688,0.0199448,0.085377285,0.05095558,0.029136072,0.029136072,0.035619434,0.038093006,0.043378639,0.039811488,0.050825392,0.061370619,0.07339999,0.074076967,0.064599281,0.072019997,0.062750612,0.049263136
132,0.056349963,0.044380892,0.034494933,0.022102178,0.015605691,0.011545387,0.005613812,0.005719733,0.011969071,0.015640998,0.013910956,0.015605691,0.024926738,0.037990326,0.045475409,0.045475409,0.053172333,0.061010486,0.08011157,0.084772093,0.082724288,0.082124069,0.081312008,0.067965964
133,0.026988211,0.019388427,0.015618455,0.007121058,0.00362037,0.014152355,0.009843815,0.031506194,0.113577883,0.043683801,0.032882532,0.027915744,0.035156484,0.034079349,0.044072766,0.040272874,0.049069475,0.054634672,0.068876788,0.065914667,0.067231165,0.072197953,0.075219915,0.046975046
134,0.051143595,0.036178501,0.028310256,0.016585027,0.011763798,0.00902534,0.005939754,0.008948201,0.016276469,0.015196513,0.01824353,0.021444826,0.033054345,0.039264088,0.04339106,0.04782659,0.05704478,0.067188645,0.076175416,0.076869673,0.075635438,0.084120801,0.089057739,0.071315617
135,0.051297453,0.042087138,0.027711036,0.01609803,0.007888835,0.007288163,0.004284799,0.00808906,0.010772065,0.013174756,0.012493993,0.018220407,0.033717764,0.03872337,0.043088259,0.048814672,0.056943777,0.070719206,0.082452347,0.079168669,0.082212078,0.089019702,0.087938491,0.067795931
136,0.029024661,0.023275145,0.019465226,0.012884456,0.010598504,0.019118869,0.016348019,0.032903851,0.074050984,0.06566916,0.061582156,0.047104461,0.042255472,0.048282073,0.043155999,0.038514824,0.043294541,0.051537822,0.076821834,0.058187864,0.048282073,0.056525353,0.044264339,0.036852314
137,0.035785196,0.028074064,0.025626818,0.019162396,0.013944683,0.009465762,0.018469779,0.011820658,0.029736344,0.032876206,0.029459297,0.034030567,0.041972572,0.049637531,0.050099275,0.051715381,0.057810408,0.064136307,0.072770929,0.065383017,0.061458189,0.070323683,0.073325022,0.052915916
138,0.049693103,0.043312411,0.036411555,0.017338836,0.013524292,0.009744426,0.014044457,0.031140549,0.061726254,0.045393071,0.038076083,0.032562333,0.036134133,0.039775289,0.039740611,0.038943025,0.044595485,0.051357631,0.061483511,0.060685924,0.053923778,0.055518951,0.067344037,0.057530256
139,0.038940256,0.033828236,0.0255601,0.014847084,0.011779872,0.008401494,0.010090683,0.041740754,0.04583037,0.031294452,0.030183144,0.030272048,0.033828236,0.039340327,0.045430299,0.054631935,0.060366287,0.07254623,0.083214794,0.06987909,0.054498578,0.055787696,0.058410384,0.049297653
140,0.027703036,0.020729905,0.013908364,0.008185849,0.004699284,0.00401713,0.005533028,0.009588055,0.018190776,0.015500057,0.022018418,0.030469549,0.043468375,0.051616326,0.053245917,0.065069921,0.073142078,0.118315837,0.111949066,0.07696972,0.065069921,0.059991663,0.057717816,0.042899913
141,0.035963552,0.027562363,0.021229159,0.010889234,0.006591702,0.005105338,0.006462453,0.016479256,0.037805351,0.038451596,0.031019775,0.03379863,0.043039938,0.038710094,0.03964715,0.04649735,0.057548145,0.07202404,0.09040972,0.078841928,0.060908621,0.070182241,0.072605661,0.058226703
142,0.051777023,0.037626273,0.028669584,0.020530858,0.013373686,0.009815549,0.012024048,0.039466688,0.065886876,0.047769007,0.023557319,0.025193244,0.034395321,0.031941434,0.035540469,0.039180402,0.042820335,0.048096192,0.066582144,0.074884463,0.064659932,0.064987117,0.063596581,0.057625455
143,0.039870752,0.032485142,0.017569673,0.008770411,0.004933356,0.003779355,0.004471756,0.011424615,0.042698056,0.027696036,0.029830939,0.033062143,0.045063759,0.045150309,0.043621257,0.049910565,0.052305118,0.06952859,0.102302233,0.090127517,0.065633835,0.064508684,0.065027985,0.050227915
144,0.042736325,0.033801664,0.019165189,0.010898922,0.007488746,0.003437457,0.008279907,0.019247033,0.047469649,0.031714636,0.024116764,0.025330787,0.031851044,0.036229709,0.035697722,0.040021825,0.046432956,0.054276361,0.090997135,0.10135043,0.076660756,0.07423271,0.076783522,0.061778748
145,0.037870289,0.029047027,0.017494921,0.011066978,0.01246172,0.003971984,0.006336982,0.017707165,0.063400139,0.04166035,0.038325096,0.030623692,0.034595676,0.041296504,0.040083685,0.042357721,0.056123222,0.056850914,0.094630242,0.088171978,0.065189048,0.063278858,0.061914436,0.045541372
146,0.038440815,0.033170567,0.025138912,0.014632093,0.008991413,0.004243139,0.004916653,0.0131672,0.0395016,0.024734804,0.017511366,0.021838693,0.029786159,0.033743054,0.037952517,0.039872032,0.045832632,0.056086883,0.092692372,0.112005388,0.084239771,0.081057417,0.082101364,0.058343155
147,0.037365586,0.026312101,0.017241034,0.011373876,0.007328941,0.006107451,0.015358738,0.027353371,0.056769258,0.033120407,0.021025651,0.02264763,0.029616132,0.035102825,0.032679869,0.035343119,0.041790985,0.051863273,0.097078436,0.108111897,0.080558281,0.075432027,0.078195398,0.052223713
148,0.029727914,0.017411264,0.010609114,0.005262569,0.004058896,0.005318553,0.019174784,0.061135371,0.103655806,0.05033031,0.03683798,0.035158437,0.035214422,0.039217333,0.035438361,0.036921957,0.046019483,0.054249244,0.077147016,0.070848729,0.060407569,0.064494458,0.053325495,0.048034934
150,0.053378117,0.038299826,0.026725304,0.015924029,0.012396095,0.01070462,0.008239899,0.019572782,0.047385463,0.032814614,0.032041369,0.028779238,0.031461434,0.033926155,0.035086024,0.038009859,0.046515562,0.059370771,0.067514015,0.066209163,0.063841098,0.07461821,0.086313551,0.070872801
151,0.032258065,0.024384757,0.016241508,0.011427543,0.010032843,0.010055338,0.012102398,0.01585909,0.047712242,0.056800288,0.033832726,0.028433887,0.035362397,0.041796014,0.047509785,0.053088586,0.059634679,0.064538624,0.072007018,0.076258604,0.073064291,0.07083727,0.060309533,0.046452513
152,0.046582662,0.030102184,0.017790748,0.011477628,0.00772549,0.005938758,0.004900751,0.012515634,0.028647274,0.022061889,0.02045383,0.021032391,0.02298078,0.026418112,0.030731794,0.039844129,0.052147057,0.063650209,0.078352463,0.083729676,0.086733088,0.101120536,0.108131333,0.076931585
153,0.034003363,0.029017246,0.022349537,0.013941574,0.008427516,0.007919127,0.012357749,0.022271323,0.045872277,0.053302569,0.039243674,0.034120684,0.042000704,0.042626413,0.04168785,0.043604083,0.054260686,0.060713308,0.090981972,0.073540339,0.06423292,0.058288686,0.06118259,0.044053811
154,0.041736374,0.033248217,0.023932377,0.018772563,0.013348596,0.015673153,0.008382495,0.015444219,0.03655895,0.035625605,0.034199172,0.030888439,0.035502333,0.041120014,0.041930087,0.045381703,0.049414458,0.055630888,0.074755657,0.087593555,0.069771947,0.066144228,0.070405917,0.054539051
155,0.033671895,0.02054655,0.014522278,0.007828643,0.005384011,0.005471319,0.025755944,0.05468409,0.12339571,0.058962196,0.034952417,0.030295975,0.036232939,0.03023777,0.032944326,0.031838421,0.037338843,0.046942755,0.059573354,0.071330869,0.069468293,0.068653415,0.055440761,0.044527226
156,0.025013839,0.019339884,0.014081096,0.009202878,0.006538887,0.004497647,0.012282037,0.030756989,0.075629671,0.040236645,0.038195405,0.037711043,0.04196651,0.047329089,0.0471907,0.046913922,0.054006366,0.084071409,0.098048713,0.069471353,0.053625796,0.05497509,0.055597841,0.033317188
157,0.030644649,0.030591722,0.015137081,0.008971102,0.006933418,0.005980735,0.015507569,0.041944533,0.064914788,0.043876363,0.029162697,0.034005504,0.041865142,0.044670266,0.04392929,0.042500265,0.04879856,0.055229173,0.078358209,0.077776014,0.065920398,0.067772838,0.064438446,0.04107124
158,0.027165602,0.016326347,0.012683278,0.010344517,0.006746424,0.021903391,0.025051723,0.07196186,0.158900783,0.046505352,0.035576145,0.033597193,0.036790501,0.035036431,0.039938832,0.041647927,0.04101826,0.05028335,0.056669965,0.055635513,0.049203922,0.046235495,0.04583071,0.034946478
159,0.026156063,0.021396446,0.017641151,0.016855159,0.011615213,0.0096939,0.014453517,0.029824025,0.04707218,0.049124492,0.041439238,0.045063534,0.051831798,0.045849526,0.048076503,0.051438802,0.058774726,0.068337627,0.076197546,0.068206629,0.058076067,0.052574123,0.052181127,0.038120606
160,0.037342094,0.024848457,0.019804729,0.012632456,0.007126001,0.007218546,0.019249456,0.042154458,0.093609736,0.073110916,0.029938457,0.028689094,0.031049003,0.031372912,0.034612003,0.036277821,0.040766276,0.060154551,0.076997825,0.090740826,0.058488733,0.052103096,0.051038823,0.040673731
161,0.036288998,0.040147783,0.024466338,0.023973727,0.011494253,0.00681445,0.015353038,0.053858785,0.096223317,0.047208539,0.043842365,0.028078818,0.027175698,0.02865353,0.029228243,0.032512315,0.039162562,0.055747126,0.063464696,0.076518883,0.057471264,0.054351396,0.063218391,0.044745484
162,0.02394577,0.016139918,0.011972885,0.005810371,0.00619186,0.008803592,0.023593626,0.039968307,0.066349737,0.057839599,0.048742554,0.04982833,0.049652258,0.04507439,0.042550694,0.049446841,0.05989377,0.073069812,0.08240162,0.062710919,0.051236905,0.050209819,0.04164099,0.032925434
163,0.040285205,0.044622698,0.031788473,0.020855615,0.010160428,0.008615567,0.006179441,0.020499109,0.040106952,0.03731432,0.028104575,0.035828877,0.036363636,0.03731432,0.043969103,0.050623886,0.06553773,0.06916221,0.067736185,0.057635175,0.056327986,0.065775401,0.070528818,0.05466429
164,0.020782901,0.017417488,0.01594143,0.010096239,0.007203165,0.03619295,0.021196198,0.088681585,0.102792702,0.066954006,0.035307315,0.039263152,0.040030702,0.028930743,0.030642971,0.03896794,0.045875893,0.049300348,0.097833146,0.047706205,0.042569522,0.046230147,0.037255712,0.032827537
165,0.026559565,0.021506769,0.015709011,0.008259377,0.005279523,0.006348384,0.025004858,0.095193367,0.128522381,0.059176006,0.046641187,0.033458574,0.037960744,0.039806957,0.035175228,0.034235927,0.041232105,0.052179828,0.052503725,0.052892401,0.047580488,0.051532033,0.049102805,0.034138758
166,0.019559421,0.01507933,0.011167446,0.009659513,0.021132917,0.009637659,0.041194982,0.064425893,0.13702522,0.064076227,0.045303553,0.02908781,0.034485773,0.039075134,0.03590629,0.035687749,0.047751213,0.048581669,0.054154465,0.056667687,0.051247869,0.05098562,0.046767778,0.031338782
167,0.029098739,0.025099969,0.018886496,0.013472778,0.01058136,0.00658259,0.03420486,0.067425408,0.153368194,0.082805291,0.041464165,0.036604122,0.045585974,0.040664411,0.034881575,0.034143341,0.042448477,0.051984005,0.044294063,0.043494309,0.049092587,0.034881575,0.03026761,0.028668102
168,0.036248132,0.027404086,0.017563528,0.01083707,0.007473842,0.003986049,0.011833582,0.031016442,0.095166916,0.089187843,0.056178376,0.035376183,0.038490284,0.035874439,0.039985052,0.034877927,0.049451918,0.065146986,0.073866467,0.057922272,0.045341305,0.047708022,0.047085202,0.041978077
169,0.030881196,0.035864149,0.032717021,0.016522423,0.007081039,0.007081039,0.019538421,0.03448728,0.066876475,0.067138736,0.030487805,0.030881196,0.033307107,0.037896669,0.03815893,0.049763965,0.047338054,0.051206399,0.081038552,0.057041699,0.050091791,0.065237346,0.070220299,0.039142408
170,0.031703439,0.024315908,0.015901411,0.009640231,0.006956867,0.006128669,0.028026237,0.051348307,0.12078447,0.039289737,0.035446896,0.029351355,0.035678791,0.034353674,0.039521633,0.038262771,0.045285894,0.050155701,0.05982906,0.064466971,0.065692705,0.067680382,0.056748161,0.043430729
171,0.021177594,0.015033109,0.010141383,0.00608483,0.003638967,0.002744139,0.015629661,0.01551035,0.054584502,0.064069677,0.030841735,0.048201396,0.051840363,0.043965877,0.045278291,0.048678637,0.068185886,0.053272087,0.147109706,0.090735549,0.05088588,0.042892084,0.042116566,0.027381734
172,0.037389367,0.028659161,0.020169787,0.012703956,0.006141249,0.004575832,0.01541333,0.052682281,0.107110603,0.075982901,0.042868324,0.042386658,0.03407791,0.033174785,0.036486242,0.036847492,0.043109158,0.052019989,0.074176651,0.054909989,0.044253116,0.051779156,0.052260822,0.040821241
173,0.028957978,0.020700884,0.01577764,0.011203287,0.004845713,0.005698558,0.017134439,0.02767871,0.097340673,0.038029152,0.033416033,0.035858273,0.038339277,0.040936579,0.042177082,0.043340053,0.044541789,0.058226082,0.114630175,0.091021864,0.054582106,0.053302838,0.048495891,0.033764925
174,0.036075949,0.02278481,0.010443038,0.005063291,0.004113924,0.003797468,0.002848101,0.007278481,0.04556962,0.022468354,0.022151899,0.030063291,0.047468354,0.041772152,0.04556962,0.061392405,0.087025316,0.093670886,0.108227848,0.060443038,0.060759494,0.070886076,0.062025316,0.048101266
175,0.023373145,0.015575981,0.011337993,0.00766874,0.006219385,0.006366155,0.009099749,0.036013723,0.095914286,0.057497202,0.047700295,0.034362559,0.04074706,0.036270571,0.03647238,0.041994606,0.058157668,0.058432862,0.075916855,0.061698497,0.060634414,0.072320986,0.067789458,0.03843543
176,0.049372487,0.03440965,0.024174485,0.014962837,0.010186426,0.006920921,0.01220909,0.022298038,0.053027903,0.043499452,0.025612282,0.027342512,0.034068478,0.038235652,0.041574266,0.047471671,0.058559766,0.05926648,0.064018521,0.056805166,0.064895821,0.0696966,0.074838552,0.066552943
177,0.034912147,0.03842628,0.022612681,0.013063407,0.006569901,0.004507257,0.008326967,0.068067227,0.086860199,0.038961039,0.030099312,0.029946524,0.03315508,0.039954163,0.038884645,0.044537815,0.044232238,0.063865546,0.066615737,0.061879297,0.052482811,0.065775401,0.063407181,0.042857143
178,0.042864054,0.038703435,0.023754233,0.012820513,0.007450411,0.005418481,0.014562167,0.046008708,0.136816642,0.051572327,0.03217223,0.024866957,0.028979197,0.031640058,0.034059023,0.034059023,0.038268021,0.043734881,0.060667634,0.065263667,0.056990808,0.063134978,0.059264635,0.046927915
179,0.028297029,0.022683969,0.015963747,0.008136361,0.003707709,0.002909522,0.012513518,0.029326948,0.110716309,0.0630568,0.031052062,0.029944899,0.032854421,0.035712447,0.035454967,0.040424327,0.044054792,0.051985169,0.078196612,0.097842319,0.065399866,0.066043566,0.053015088,0.040707554
180,0.032874054,0.028371822,0.017077431,0.015641374,0.009897147,0.006830972,0.012885698,0.046652435,0.083873472,0.051736852,0.027595575,0.033727925,0.036328352,0.034659422,0.037725597,0.049796235,0.045643315,0.055424025,0.099359596,0.080768484,0.053793906,0.054531341,0.049175238,0.03562973
181,0.025172644,0.015370907,0.00790822,0.003118735,0.003118735,0.002116284,0.003118735,0.006683003,0.026175095,0.028179996,0.018378258,0.022276676,0.023947427,0.031075963,0.051347739,0.06192916,0.086322121,0.110046781,0.108153264,0.10113611,0.073847182,0.081087102,0.065827579,0.043662286
182,0.038768647,0.022200673,0.014566612,0.009573524,0.00540574,0.00548827,0.008046712,0.014607878,0.043968061,0.030515609,0.023933811,0.023232302,0.026162131,0.030515609,0.035549962,0.043844265,0.055914333,0.064146739,0.083438216,0.083830235,0.08872016,0.091691254,0.089648627,0.066230631
183,0.034748599,0.029157735,0.02365462,0.014654081,0.011532724,0.009614782,0.013087135,0.055657929,0.09484412,0.050743986,0.035864265,0.035751445,0.037493889,0.040088752,0.036428365,0.038434057,0.04411267,0.053652238,0.067616863,0.06270292,0.052887568,0.053037995,0.057738834,0.046494428
184,0.039933106,0.034170264,0.02809103,0.025153111,0.016520147,0.01166128,0.015254582,0.014712197,0.056521051,0.042215643,0.034983841,0.030780357,0.038644941,0.041876653,0.040814482,0.041831454,0.045921942,0.050826007,0.064860223,0.07810346,0.068408326,0.065402608,0.062306493,0.051006802
185,0.022786405,0.01273519,0.008188864,0.005121464,0.003642538,0.014816641,0.038260346,0.08443568,0.085777668,0.047572098,0.037685208,0.030345356,0.033193657,0.034426095,0.03557637,0.046147947,0.050803823,0.059047463,0.062607838,0.070248952,0.060225125,0.06060855,0.053022211,0.042724509
186,0.010874617,0.006208755,0.003587694,0.002714007,0.00163584,0.001078167,0.002676829,0.006915141,0.011692536,0.012194442,0.015763547,0.028980389,0.040263965,0.046714379,0.064615671,0.092406357,0.119509248,0.142076401,0.129138396,0.094822939,0.060024166,0.046658611,0.038293522,0.021154382
188,0.030576498,0.026768715,0.018048892,0.012184906,0.0080725,0.009747925,0.008262889,0.026578326,0.118840911,0.053499353,0.038115909,0.027682583,0.033851192,0.037544741,0.038610921,0.042951793,0.044512985,0.053308964,0.069644353,0.06953012,0.060277207,0.06180032,0.066103115,0.043484883
191,0.039780231,0.035923715,0.025727719,0.015056263,0.008135665,0.006867769,0.038882139,0.03983306,0.105763643,0.044640499,0.029531407,0.032542659,0.03301812,0.038089704,0.042104707,0.040255692,0.041365101,0.050504517,0.050451688,0.062655185,0.061123144,0.062972159,0.05034603,0.044429183
192,0.019896944,0.014387021,0.008724045,0.006173154,0.003418193,0.007499617,0.023366155,0.077087904,0.142849855,0.065455844,0.040865262,0.036324677,0.047446559,0.037498087,0.039436763,0.041120351,0.051630019,0.064690577,0.05765012,0.052038161,0.04254885,0.046120096,0.043671241,0.030100505
194,0.054781276,0.045985143,0.022450183,0.010187478,0.006980309,0.003584483,0.005706874,0.025916755,0.061219196,0.033887513,0.022261526,0.023464214,0.027944818,0.036528711,0.035656173,0.038792595,0.040018866,0.049852612,0.081971466,0.084919231,0.069968164,0.070935031,0.078434147,0.068553237
195,0.045716463,0.036620791,0.018381828,0.012000571,0.007095576,0.008952807,0.014810229,0.043478261,0.085623125,0.047287966,0.033144435,0.025953617,0.046049812,0.034334968,0.03295395,0.039906662,0.041478166,0.05647888,0.063526835,0.070670032,0.059526644,0.057478928,0.059717129,0.058812324
196,0.038678985,0.03681743,0.0246139,0.013720353,0.009307777,0.009790403,0.007170436,0.016960838,0.075703254,0.047710976,0.035300607,0.029646994,0.039161611,0.040471594,0.044815223,0.049434639,0.049296746,0.05315775,0.066188638,0.082460011,0.062051848,0.057984004,0.060535025,0.04902096
198,0.023347039,0.021125762,0.018762701,0.012902311,0.008270712,0.007230966,0.026040928,0.050569498,0.062432062,0.063330025,0.038139799,0.03313011,0.031901319,0.039037762,0.038376105,0.054633962,0.045701593,0.052412685,0.098350584,0.086015407,0.055815492,0.051561983,0.045418025,0.035493171
199,0.022071191,0.022174167,0.008924587,0.007791851,0.003913088,0.002128171,0.003226582,0.009885697,0.031098754,0.02656781,0.020251948,0.026499159,0.037277314,0.041567981,0.052861017,0.065733018,0.083273264,0.108296434,0.103147633,0.085779013,0.066316548,0.058078468,0.075412762,0.037723544
200,0.005788002,0.002354442,0.001373424,0.000490509,0.000490509,0.000245254,0.00053956,0.004610781,0.036935302,0.021337127,0.01358709,0.039731201,0.086525727,0.051160053,0.029773876,0.037523912,0.047137882,0.093687154,0.25550596,0.13768578,0.055231275,0.03737676,0.027076078,0.013832344
201,0.019412188,0.015076581,0.008932656,0.004923855,0.003333406,0.002592649,0.006775747,0.013616854,0.034880934,0.015860912,0.017102769,0.028562714,0.055077453,0.050480403,0.04640624,0.054772435,0.065099458,0.09381468,0.154796401,0.102878058,0.060829212,0.058563367,0.049456415,0.036754613
202,0.016122695,0.009614676,0.004629289,0.002345342,0.001731378,0.002173433,0.002406739,0.008779685,0.021255434,0.015447334,0.015778875,0.036039687,0.05030821,0.039956777,0.039723471,0.046784057,0.066516859,0.106694663,0.219492129,0.097669393,0.060401778,0.057221445,0.048269849,0.030636803
203,0.011703783,0.009706709,0.00531779,0.003692265,0.002531175,0.001671969,0.005503565,0.020806725,0.075470822,0.036806539,0.022385807,0.045909481,0.069711818,0.044492952,0.040382695,0.048231661,0.048928314,0.082367694,0.196804682,0.097136753,0.0407078,0.036876205,0.030861761,0.021991036
204,0.016975829,0.012591343,0.00663294,0.004243957,0.002360877,0.001630129,0.002360877,0.012310287,0.033530073,0.026110174,0.020770096,0.034991568,0.048988196,0.044378865,0.044238336,0.052445194,0.056464306,0.090809444,0.224957841,0.105087128,0.05207982,0.045193929,0.037436762,0.023412029
205,0.013027795,0.007150435,0.004710376,0.003437301,0.00222788,0.001400382,0.003034161,0.005601528,0.019541693,0.013261192,0.013176321,0.036325058,0.05862508,0.046064078,0.03925313,0.055251432,0.075366009,0.096032251,0.204795247,0.111712285,0.067175896,0.055336304,0.044557607,0.022936558
206,0.018464695,0.01033415,0.00564199,0.003818317,0.003894303,0.002127619,0.018065766,0.016451055,0.029919644,0.022017059,0.021257195,0.039360954,0.049771091,0.040937672,0.036454475,0.047700462,0.058737486,0.091696586,0.211375164,0.10016907,0.049885071,0.049030224,0.04447104,0.028418913
207,0.03687011,0.023624153,0.013978399,0.008184746,0.004882945,0.003139036,0.003782345,0.023573773,0.050333087,0.017214319,0.009773641,0.014168291,0.021403575,0.022306533,0.030983448,0.046783263,0.066535938,0.083335594,0.114257037,0.104371011,0.083750257,0.080700354,0.078495278,0.05755287
208,0,0,0,0,0,0,0,0,0,0,0.0625,0,0.125,0.0625,0,0,0.0625,0.15625,0.15625,0.125,0.09375,0.09375,0,0.0625
209,0.01218049,0.010041732,0.005086072,0.00312989,0.002295253,0.000991132,0.004042775,0.009389671,0.015258216,0.018127282,0.017709963,0.058111633,0.064893062,0.054173187,0.041784038,0.054147105,0.078638498,0.117031821,0.178586333,0.097235263,0.054434011,0.045357329,0.038497653,0.01885759
210,0.013816892,0.009824915,0.006501497,0.004437683,0.00197661,0.001356497,0.003420311,0.016626779,0.032827231,0.014630791,0.016500819,0.041024349,0.063338727,0.065857936,0.04761305,0.056401213,0.077814489,0.108616664,0.137132171,0.086525139,0.066943134,0.058319688,0.046082146,0.022411271
211,0.020803371,0.011858805,0.00656019,0.004428128,0.002687155,0.002258219,0.00925996,0.048482325,0.091867888,0.034062524,0.023793304,0.029457775,0.038566346,0.045492393,0.038351878,0.048002927,0.056051775,0.06749426,0.108747761,0.103953776,0.064655716,0.057035803,0.052103045,0.034024676
212,0.028282203,0.02155155,0.010795967,0.006461427,0.003540323,0.005182603,0.009328685,0.034972472,0.104580882,0.039293551,0.02670723,0.030893696,0.034689784,0.038849328,0.039132015,0.046845343,0.053750993,0.068329587,0.113182656,0.085344677,0.054787513,0.054706745,0.054639439,0.034151332
213,0.013716538,0.012428244,0.006460413,0.003997499,0.003107061,0.00344808,0.005191065,0.034405017,0.109107099,0.056722808,0.036356403,0.082412898,0.066915484,0.045601804,0.042248451,0.047515298,0.060587689,0.090332115,0.107743023,0.05103916,0.035371237,0.034291344,0.030881155,0.020120114
214,0.010976346,0.01015312,0.006311399,0.002936173,0.002414796,0.004610065,0.001920861,0.013446024,0.04091433,0.034932221,0.026370671,0.096097909,0.081554251,0.041655233,0.035288952,0.043521212,0.062729817,0.100131716,0.173590912,0.07900225,0.044838373,0.037237254,0.031227704,0.018138412
215,0.02717259,0.015214216,0.011228092,0.004716407,0.003347128,0.002038705,0.004929406,0.019808909,0.039648247,0.023551607,0.015579357,0.015883642,0.033440847,0.027050876,0.033319133,0.061100292,0.092076436,0.096518987,0.101965677,0.094510711,0.082035054,0.078109786,0.068250974,0.048502921
216,0.016562231,0.015094691,0.015933285,0.003424259,0.004239558,0.003307787,0.026904889,0.05588297,0.113280067,0.043094412,0.030235971,0.031819982,0.044002888,0.038901442,0.035337418,0.04139393,0.056278972,0.062987724,0.077546647,0.076847818,0.063500198,0.055836381,0.049570221,0.038016259
217,0.006505298,0.004597384,0.003631933,0.002045836,0.001402202,0.001080385,0.008344252,0.025883272,0.043767097,0.028227938,0.027239501,0.050663173,0.083396547,0.057352367,0.040939705,0.04829552,0.060938326,0.103464129,0.194492334,0.086591729,0.050341356,0.034802198,0.02268809,0.013309427
218,0.011143294,0.007603186,0.004907877,0.002011425,0.001971196,0.001890739,0.005149248,0.023372757,0.057084238,0.025142811,0.022326816,0.05249819,0.06187143,0.040872154,0.034878108,0.040228498,0.061670287,0.107249175,0.201866602,0.100531016,0.049682195,0.036205648,0.031338,0.018505109
219,0.014179887,0.010205704,0.00613614,0.004005977,0.002511684,0.003783423,0.013575812,0.027533145,0.05837281,0.038088577,0.02556195,0.038438305,0.076336121,0.082281499,0.046227705,0.046513846,0.054207866,0.081136934,0.121610021,0.086478237,0.055861126,0.048548628,0.034686675,0.023717928
220,0.024684011,0.016607153,0.008586975,0.005866349,0.003627501,0.009975628,0.007226662,0.022133424,0.036926827,0.018052485,0.014708383,0.026951199,0.061894236,0.045683841,0.040242589,0.047582611,0.058776852,0.075837443,0.13163861,0.105537607,0.074930567,0.066995409,0.061695857,0.033837783
221,0.027805541,0.016751289,0.01217367,0.007695998,0.005976892,0.017470915,0.033242714,0.087074721,0.072742174,0.035881342,0.025546716,0.026006477,0.032762963,0.028085396,0.029064886,0.037680406,0.046255947,0.057010355,0.087254628,0.08815416,0.063566945,0.060108743,0.059069284,0.042617839
222,0.016968117,0.01022826,0.006134323,0.003804334,0.002369481,0.002632757,0.014835584,0.041597557,0.069452123,0.030882237,0.027775584,0.052168075,0.055393202,0.042558513,0.037266672,0.04188716,0.050325145,0.087065266,0.158255009,0.082247321,0.053892531,0.046441829,0.040281178,0.025537741
223,0.027373355,0.015107698,0.016329278,0.01019645,0.006706223,0.011692262,0.018797367,0.068707619,0.060804747,0.030439769,0.02672517,0.027722377,0.052752294,0.04724272,0.038492222,0.041733147,0.049311927,0.067286598,0.097501994,0.071823893,0.06127842,0.062674511,0.05105704,0.03824292
224,0.024305764,0.015516447,0.011011672,0.006106473,0.006867279,0.003884117,0.009209762,0.039401766,0.065289207,0.024365828,0.023284682,0.025847398,0.065048952,0.060744389,0.039942339,0.043045628,0.050173184,0.060664304,0.090535968,0.088333634,0.076020582,0.071535828,0.05912267,0.039742127
225,0.027499712,0.013864918,0.009032332,0.004343574,0.002502589,0.003106662,0.008370728,0.057473248,0.101628121,0.041911172,0.042544011,0.03138304,0.029110574,0.02951329,0.036388218,0.037193649,0.041882407,0.051317455,0.092135543,0.110775515,0.066649407,0.060982626,0.059314233,0.041076976
226,0.029347464,0.023976997,0.01556485,0.009505252,0.006297229,0.004562521,0.007390333,0.03690414,0.059075139,0.025307733,0.023002709,0.029181123,0.052825436,0.044864788,0.037046718,0.040848819,0.050971912,0.068057602,0.120740459,0.094054465,0.0609049,0.059597928,0.055700775,0.04427071
227,0.038075588,0.025227422,0.015380287,0.010378568,0.007658883,0.008034012,0.01087874,0.02432086,0.06286536,0.033167651,0.026759198,0.024695989,0.02976023,0.029041233,0.033011348,0.040420144,0.048798024,0.059457939,0.086779831,0.081340461,0.07962112,0.081903154,0.083278627,0.059145331
228,0.038960368,0.023803372,0.016776038,0.011298851,0.008353571,0.00905975,0.011505537,0.014278579,0.049983637,0.031295751,0.02209821,0.024440655,0.028229904,0.037289654,0.039787113,0.040837768,0.054944109,0.066363527,0.094180058,0.092250986,0.076783961,0.073752562,0.073270294,0.060455743
229,0.019774771,0.011590047,0.008423694,0.005436568,0.004600173,0.008722406,0.009797772,0.013412193,0.038055979,0.020282582,0.018789019,0.021268333,0.04546405,0.035994862,0.037488425,0.041013233,0.05045255,0.082743376,0.202079039,0.126116438,0.065149207,0.051438301,0.04785375,0.034053231
230,0.03507577,0.021676774,0.012652425,0.009574454,0.006994198,0.007046589,0.018048697,0.025776369,0.077054054,0.044624029,0.024964309,0.026850384,0.033870778,0.04019699,0.04060302,0.042122359,0.047020917,0.064218261,0.090531638,0.084676944,0.065554231,0.062410772,0.064061088,0.05439495
231,0.019921718,0.012595343,0.007326375,0.005519872,0.003914091,0.016158169,0.022129667,0.065234845,0.111802489,0.069299478,0.047370534,0.033269771,0.032617423,0.033871939,0.041549578,0.046065837,0.053492573,0.056051786,0.096547571,0.06247491,0.045564031,0.040545965,0.043456443,0.033219591
232,0.024423619,0.014701905,0.011885631,0.004646056,0.005266591,0.013063056,0.038552722,0.03659565,0.081083231,0.05441614,0.030119811,0.033747554,0.050183774,0.039602858,0.040684816,0.037072984,0.044026158,0.051249821,0.100144791,0.084631418,0.059316775,0.063883276,0.047892568,0.032808796
233,0.070868201,0.015036611,0.009414226,0.006276151,0.005753138,0.006799163,0.009544979,0.023535565,0.079497908,0.035172594,0.022881799,0.026542887,0.035957113,0.041056485,0.038441423,0.049555439,0.051385983,0.061061715,0.123300209,0.088781381,0.056616109,0.05125523,0.053608787,0.037656904
234,0.034068787,0.027319922,0.014276444,0.010253082,0.009214796,0.007268008,0.009020117,0.045489942,0.105580792,0.042050616,0.02816353,0.030304997,0.033874108,0.040882544,0.033160286,0.034912395,0.039000649,0.047371836,0.06229721,0.049707982,0.082673589,0.104996755,0.074367294,0.033744322
235,0.032268371,0.024408946,0.016038339,0.012651757,0.010798722,0.005111821,0.021022364,0.035782748,0.111565495,0.044153355,0.023067093,0.02428115,0.031565495,0.035207668,0.036549521,0.04913738,0.052140575,0.06600639,0.072587859,0.063386581,0.058146965,0.055974441,0.061789137,0.056357827
236,0.042141864,0.034005563,0.016933241,0.010361613,0.004763561,0.007267038,0.0081363,0.016550765,0.038734353,0.02840751,0.025382476,0.025904033,0.035987483,0.03984701,0.043776078,0.048539638,0.048922114,0.063212796,0.104207232,0.100730181,0.067906815,0.064742698,0.066515994,0.057023644
237,0.030256607,0.027154347,0.020183838,0.011451551,0.007008809,0.004825737,0.012255841,0.048946764,0.069819992,0.044465722,0.029031023,0.029452317,0.032822673,0.036767522,0.034469552,0.037993106,0.041784757,0.051819226,0.110187668,0.070356185,0.059172731,0.061891995,0.070471084,0.057410954
238,0.011892172,0.008546824,0.011072022,0.003388514,0.002870524,0.008287829,0.013359808,0.056374506,0.112554767,0.046683789,0.028748408,0.03839596,0.055748603,0.045561479,0.0388492,0.031316772,0.040295254,0.039043446,0.083245203,0.082878294,0.082036561,0.075583278,0.058187469,0.025079317
239,0.019360472,0.011742744,0.009966277,0.006654221,0.005178851,0.01650006,0.014542936,0.033843189,0.091141756,0.056244731,0.032819463,0.032096832,0.047964591,0.046970974,0.040979164,0.039744671,0.052119716,0.057569553,0.102402746,0.079067807,0.060550403,0.053685415,0.054950018,0.033903408
240,0.023304113,0.012002222,0.006785964,0.004153686,0.002632278,0.002656427,0.009273346,0.017218479,0.065855249,0.030259122,0.026829916,0.027675143,0.040884832,0.04424159,0.043323915,0.047067063,0.052041827,0.062401893,0.09799802,0.099591876,0.08189041,0.083218624,0.071119805,0.047574199
241,0.027837614,0.024399337,0.015037283,0.007663629,0.010273405,0.031400166,0.049710025,0.073073737,0.094241922,0.032477216,0.025849213,0.034507042,0.055426678,0.035832643,0.031027341,0.033471417,0.038111019,0.0498343,0.066404308,0.061267606,0.056876553,0.058285004,0.052858326,0.034134217
242,0.044115455,0.033185951,0.030304536,0.019921506,0.020418302,0.022008048,0.022057728,0.077798202,0.137761439,0.048338218,0.020815738,0.020020865,0.026578568,0.031645884,0.027174723,0.036315763,0.033980824,0.042625068,0.048984053,0.05733022,0.048735655,0.049530528,0.054796562,0.045556163
243,0.021707281,0.00720586,0.00550157,0.002481686,0.002481686,0.003259082,0.003737479,0.0181492,0.042726865,0.02368067,0.023351772,0.028195545,0.044520855,0.052025714,0.055105397,0.054716699,0.057258185,0.070055315,0.124473015,0.102915234,0.080759456,0.077530274,0.063836149,0.034325011
244,0.030112871,0.025311658,0.016130391,0.009286557,0.007749326,0.008170485,0.01983659,0.047780492,0.088801381,0.037735849,0.028912567,0.028765162,0.033355795,0.037756907,0.040641846,0.042263309,0.046517015,0.052392183,0.072123484,0.069807109,0.063489724,0.068333053,0.069722877,0.055003369
